1 0.0
2 0.0
3 0.0
4 1.2222222222222223
5 1.5
6 0.6666666666666666
7 0.0
8 0.0
9 0.0
10 0.0
11 0.3333333333333333
12 0.5
13 0.5
14 0.0
15 0.0
16 1.3333333333333333
17 1.0
18 4.3
19 0.75
20 0.0
21 1.1818181818181819
22 1.0
23 1.0
24 1.0
25 1.0
26 1.3076923076923077
27 0.0
28 0.5
29 0.0
30 0.5
31 0.0
32 0.0
33 1.2
34 0.0
35 1.0
36 0.0
37 0.0
38 0.0
39 1.0
40 0.36363636363636365
41 0.9714285714285714
42 0.6666666666666666
43 0.8
44 0.0
45 1.0
46 1.25
47 0.9090909090909091
48 0.0
49 0.0
50 0.0
51 0.5
52 0.6666666666666666
53 1.6
54 0.9583333333333334
55 0.0
56 0.3333333333333333
57 0.0
58 0.6666666666666666
59 0.0
60 0.0
61 0.0
62 0.0
63 0.0
64 0.0
65 0.0
66 0.0
67 0.5
68 0.0
69 0.0
70 0.0
71 0.0
72 0.0
74 0.5
75 0.25
76 0.0
77 1.0
78 0.0
79 0.0
80 0.0
81 0.0
82 0.0
83 0.0
84 0.0
85 0.0
86 0.0
87 0.0
88 0.0
89 0.8
90 2.0
91 2.0
92 0.0
93 0.0
94 1.0
95 1.0
96 1.0
97 1.0
98 0.0
99 1.1818181818181819
100 1.0
101 0.6
102 0.6666666666666666
103 0.0
104 0.0
105 0.0
106 1.75
107 1.5
108 1.0
109 1.0
110 1.0
111 1.0
112 0.8
113 0.75
114 0.75
115 0.5
116 1.0
117 1.0
118 1.0
119 0.0
120 0.0
121 1.456140350877193
122 0.75
123 0.0
124 2.0
125 2.0
126 1.0
127 1.5
128 1.0
129 1.0
130 0.0
131 1.0
132 1.0
133 0.3333333333333333
134 1.0
135 0.3333333333333333
136 0.3333333333333333
137 2.0
138 0.0
139 1.5
140 0.8181818181818182
141 0.0
142 0.0
143 0.0
144 0.75
145 0.0
146 1.25
147 0.5
148 0.5
149 0.0
150 0.5
152 1.0
153 1.0
154 1.0
155 0.0
156 0.0
157 0.0
158 0.0
159 1.0
160 1.0
161 1.0
162 0.0
163 0.0
164 0.0
165 0.5
166 2.0
167 3.0
168 3.6666666666666665
169 4.5
170 4.0
171 2.0
172 1.0
173 1.0
174 1.0
175 0.5
176 1.0
177 0.5
178 1.4285714285714286
179 0.5
180 0.5
181 0.0
182 1.4
183 1.0
184 1.0
186 0.0
188 1.3333333333333333
189 2.0
190 1.5
191 1.0
192 1.0
195 1.0
196 1.0
197 1.0
198 1.0
199 0.5
200 3.176470588235294
201 0.5
202 0.6666666666666666
203 0.0
204 0.0
205 0.7142857142857143
206 1.0
207 1.0
208 1.0
209 1.0
210 1.0
211 1.0
212 1.0
213 1.0
214 1.0
216 1.1666666666666667
217 1.625
218 1.0
219 0.0
220 0.5
221 1.0
222 1.0
224 1.0
225 1.0
226 1.0
227 1.0
228 1.0
229 0.75
230 0.75
231 1.0
232 1.5
233 0.0
234 0.0
235 1.0
236 1.0
237 1.0
238 1.0
239 1.0
240 0.0
241 0.0
242 0.0
243 0.0
244 0.0
245 1.0
246 1.0
247 1.0
248 0.95
249 0.0
250 0.0
251 0.5
252 1.5
253 2.25
254 3.0
255 3.0
256 0.5
257 1.0
258 1.0
259 0.5
260 1.0
261 3.0
262 0.0
263 0.0
264 1.0
265 1.3333333333333333
267 0.5
268 0.5
269 1.0
270 1.6666666666666667
271 1.6666666666666667
272 3.0
273 3.0
274 3.0
275 3.0
276 3.0
277 3.0
278 3.0
279 9.0
280 0.0
281 1.0
282 0.0
283 0.8
284 1.0
285 1.0
286 1.0
287 1.0
288 0.0
289 0.0
290 0.0
291 0.8571428571428571
292 0.5
293 1.1
294 0.0
295 0.0
296 0.0
297 0.0
298 0.0
299 0.0
300 0.0
301 0.0
302 0.5
303 2.75
304 1.0
305 1.2
306 1.0
307 1.0
308 0.9
309 1.2727272727272727
310 0.0
313 0.0
314 1.3333333333333333
315 1.2
316 1.0
317 1.0
318 1.0
319 1.0
320 1.0
321 1.0
322 1.0
323 0.8
324 1.4
325 1.1428571428571428
326 1.368421052631579
327 2.0
328 0.0
329 1.0
330 2.7974683544303796
331 2.2
332 0.75
333 0.0
334 1.3333333333333333
335 3.0
336 3.0
337 1.5
338 3.0
339 1.0
340 1.0
341 4.0
342 7.0
343 1.1111111111111112
344 1.0
345 1.5
346 1.0
347 1.5
348 0.0
349 1.0
350 1.125
351 1.0
352 1.0
353 1.5
354 1.5
355 1.5
356 1.0
357 0.5
358 0.8
359 1.0
360 1.0
361 1.0
362 1.0
363 1.0
364 1.375
365 1.0
366 1.0
367 1.0
368 1.5714285714285714
369 1.0
370 1.0
371 1.1428571428571428
372 2.0
373 1.1666666666666667
374 1.0
375 1.0
376 1.0
377 1.0
378 0.6666666666666666
379 1.0
380 1.0
381 1.0
382 2.0
383 1.0
384 1.0
385 1.2
386 1.1428571428571428
387 1.6666666666666667
388 0.9166666666666666
389 0.5
390 2.0
391 0.75
392 1.0
393 0.0
394 0.0
395 3.25
396 1.0
397 1.0
398 1.0
399 1.0
400 1.0
401 1.0
402 0.0
403 0.8
404 2.0
405 1.2857142857142858
406 2.0
407 2.0
408 2.0
409 1.0
410 1.0
411 1.0
412 1.0
413 1.0
414 1.0
415 1.0
416 1.0
417 1.0
418 1.0
419 1.3333333333333333
420 1.5
421 1.0
422 1.0
423 1.0
424 0.7368421052631579
425 0.6666666666666666
426 0.3333333333333333
427 1.0
428 1.0
429 1.0
430 1.0
431 1.0
432 1.0
433 1.0
434 1.0
435 1.0
436 1.0
437 1.0
438 1.0
439 1.0
440 1.0
441 1.0
442 1.0
443 1.0
444 1.0
445 1.0
446 0.6666666666666666
447 1.0
448 1.1818181818181819
449 1.0
450 1.0
451 1.0
452 1.0
453 1.0
454 4.0
455 1.0
457 1.1666666666666667
458 1.0
459 1.1428571428571428
460 1.5
461 1.0
462 1.0
463 1.0
464 1.0
465 0.75
466 1.1666666666666667
467 1.0
468 1.0
469 1.0
471 0.6666666666666666
472 1.0
473 0.7333333333333333
474 1.0
475 1.0
476 0.75
477 1.0
478 1.0
479 1.0
480 1.0
481 1.0
482 1.0
483 1.0
484 1.0
485 1.0666666666666667
486 0.5
487 0.5
488 0.75
489 1.2
490 0.0
491 0.0
492 1.0
493 1.0
494 1.0
496 1.0
497 1.0
498 1.0
499 1.0
500 0.5
501 1.0
502 1.0
503 1.0
504 1.0
505 1.0
506 1.0
507 1.0
508 1.0
509 1.0
510 1.0
511 1.0
512 1.0
513 1.0
514 1.0
516 1.0
517 1.0
518 1.0
519 1.0
520 1.0
521 0.8
522 1.0
523 1.5
524 1.5
525 1.0
526 1.0
527 1.0
528 1.0
529 1.0
530 1.1
531 1.0
532 1.0
533 1.0
534 1.0
535 0.6666666666666666
537 1.0
539 1.263157894736842
540 1.5
541 1.0
542 1.0
543 2.5
544 3.0
545 1.0
546 1.0
547 1.125
548 1.0
549 0.9375
550 1.0
551 1.0
552 1.25
554 1.0
555 1.25
556 1.0
557 1.2
558 2.0
559 1.0
560 1.0
561 1.0
562 1.2608695652173914
563 1.0
564 1.0
565 1.0
566 1.0
567 1.0
568 1.0
569 1.0
570 1.5
571 1.0
572 3.5
573 1.0
574 1.0
575 1.5294117647058822
576 2.0
577 1.5
578 1.3333333333333333
579 0.0
580 0.0
581 0.0
582 1.0
583 1.25
584 1.0
585 1.173913043478261
586 1.0
587 1.0
588 1.0
589 1.0
590 1.3333333333333333
591 1.0
592 1.0
593 1.0
594 1.0
595 1.0
596 1.0
597 1.0
598 1.0
599 1.0
601 1.0
602 1.0
603 1.0
604 1.0
605 1.0
606 1.0
607 0.0
608 1.0
609 1.0
610 1.0
611 1.0
612 1.0
614 1.0
615 1.0
616 1.0
617 0.0
618 1.0
619 0.6666666666666666
620 1.125
621 1.0
622 1.0
624 1.0
625 1.0
626 1.0
627 1.0
628 1.0
629 1.0
630 0.75
631 1.0
632 1.148936170212766
633 3.0
634 2.0
635 1.0
636 1.1666666666666667
637 1.0
638 1.0
639 1.0
640 0.8333333333333334
641 0.75
642 1.0
643 1.0
644 1.0
645 1.0
646 1.368421052631579
647 1.0
648 1.0
649 1.0
650 1.0
651 1.0
652 1.0
653 1.0
654 1.0
655 1.0
656 1.0
657 1.0
658 1.3333333333333333
659 1.0
660 1.0
661 0.5
662 1.0
663 1.0
664 1.0
666 1.0
667 1.0
668 2.0
669 1.0
670 2.0
671 1.0
672 1.0
673 0.0
674 1.0
675 1.0
676 1.0
677 2.5
678 1.0909090909090908
679 1.1428571428571428
680 1.0
681 1.0
682 1.0
683 1.0
684 3.0
685 1.0
686 0.9090909090909091
687 1.0
688 1.0
689 1.0
690 1.0
692 1.0
693 1.0
694 1.0
695 1.0
696 1.0
697 1.0
698 1.0
699 1.3333333333333333
700 2.0
701 1.0
703 0.0
704 0.3333333333333333
705 1.0
706 1.0
707 1.0
708 1.3333333333333333
709 1.1428571428571428
710 1.2857142857142858
711 1.0
714 1.0
715 1.0
716 1.6666666666666667
717 1.0
719 2.0
721 1.3333333333333333
722 1.0
723 1.0
724 1.0
725 1.0
726 1.0
727 1.0
728 2.0
729 2.0
730 1.0
731 1.0
732 1.6153846153846154
733 1.0
734 0.8333333333333334
735 0.5
736 1.5
737 1.0
738 1.0
739 1.1428571428571428
740 1.0
741 1.0
742 1.0
743 1.0
744 1.0
745 1.0
746 1.0
747 1.0
748 0.9166666666666666
749 0.5
750 1.0
751 1.0
752 1.0
753 1.0
754 1.2916666666666667
755 2.625
756 0.6666666666666666
757 1.1428571428571428
758 1.6666666666666667
759 1.0
760 1.5
761 1.0
762 1.0
763 1.5
764 1.125
765 1.6666666666666667
766 1.6666666666666667
767 1.0
768 1.3333333333333333
769 0.8
770 1.0
771 1.0
772 1.0
773 1.0
774 1.0
775 1.0
776 1.0
778 1.0
779 2.0
780 1.4
781 0.0
782 0.0
783 1.0
784 1.0
785 1.0
786 2.0
787 1.0
788 1.0
789 1.0
790 1.0
791 0.0
792 2.2
793 2.0
795 1.0
796 0.75
797 2.0
798 2.0
799 2.0
800 1.0
801 1.0
802 1.0
803 1.0
804 1.0
805 1.0
806 1.0
807 1.0
808 1.0
809 0.5
810 1.0
811 1.0
812 1.0
813 1.0
814 1.0
815 1.0
816 2.0
817 2.0
818 2.0
819 1.0
820 1.0
821 1.0
823 0.5
824 1.0
825 1.0
826 2.0
827 1.25
828 1.0
829 1.0
830 1.0
831 1.0
832 1.0
833 2.3333333333333335
834 0.0
835 0.0
836 1.0
837 1.0
838 3.0
839 2.0
841 1.0
842 1.0
843 1.25
844 0.8421052631578947
845 1.0
846 1.0
847 2.0
848 0.0
849 1.0
850 1.0
851 0.0
852 0.0
853 1.0
854 1.0
855 1.0
856 1.0
857 1.0
858 1.6
859 0.75
860 1.0
861 1.0
862 0.0
863 0.8333333333333334
864 0.0
865 0.8461538461538461
866 0.0
867 0.0
868 0.0
869 0.7142857142857143
870 2.0
871 2.0
875 1.0
876 1.25
877 1.0
878 0.0
879 0.0
880 0.5
881 0.0
882 1.0
883 1.0
884 2.0
886 1.0
887 0.5
888 0.8
889 0.0
890 0.5
891 1.0
892 1.0
893 1.125
894 0.0
895 1.0
896 0.0
897 0.5
898 1.0
899 1.0
900 1.0
901 1.0
902 2.0
904 1.0
905 1.0
906 1.0
907 1.0
908 1.0
909 1.0
910 0.0
911 1.0
912 1.0
913 1.0
914 1.0
915 1.0
916 1.0
917 1.0
918 1.0
919 1.0
920 1.0
921 1.0
922 0.0
923 0.0
924 0.0
925 0.0
926 1.0
927 1.0
928 1.0
929 0.5
930 0.5
931 1.0
932 2.0
933 0.0
934 1.0
935 0.5
936 1.25
937 1.1428571428571428
938 0.0
939 1.0
940 1.0
941 1.2857142857142858
942 0.0
943 1.0
944 1.0
945 1.0
946 0.6666666666666666
947 1.125
948 1.0
949 1.0
950 2.0
951 1.0
952 1.0
953 1.0
954 1.0
956 1.5
957 1.0
960 1.0
961 1.0
962 1.3333333333333333
963 1.0
964 2.0
966 1.0
967 1.0
968 0.9166666666666666
969 1.2307692307692308
970 1.0
971 1.0
972 1.0
973 1.0
974 1.0
975 2.0
976 0.9310344827586207
977 1.4
978 1.0
979 1.0
980 1.0
981 1.0
982 1.0
983 1.0
984 1.0
985 1.0
986 0.0
987 0.5
988 0.6666666666666666
989 1.0
990 0.5
991 0.0
992 0.5
993 1.0
994 1.0
996 1.0
997 0.0
998 0.75
999 0.8333333333333334
1000 1.0
1001 1.0
1002 0.5
1003 1.0
1004 0.8333333333333334
1005 1.0
1006 0.0
1007 1.0
1008 1.3333333333333333
1009 1.0
1010 1.0
1011 1.0
1012 1.0
1014 1.0
1015 1.0
1016 1.3333333333333333
1017 1.0
1018 1.5
1019 2.1052631578947367
1020 2.74
1021 1.0
1022 1.0
1023 2.0
1025 1.0
1026 1.2
1027 1.0
1028 1.0
1029 1.0
1030 0.9166666666666666
1031 1.0
1032 1.0
1033 1.3333333333333333
1034 1.0
1035 0.8333333333333334
1036 1.0
1037 1.8571428571428572
1038 1.0
1039 1.0
1040 1.0
1041 1.0
1042 0.0
1044 0.0
1045 1.0
1046 1.4285714285714286
1047 0.6666666666666666
1048 1.0
1049 1.0
1050 1.375
1051 2.0
1052 1.0
1053 1.0
1054 0.5
1055 1.0
1056 1.0
1057 1.0
1058 1.0
1059 1.1428571428571428
1060 1.0
1061 2.0
1063 0.5
1064 1.0
1066 1.1428571428571428
1067 1.0
1068 0.0
1069 0.0
1070 1.0
1071 1.5
1072 1.0
1073 1.0
1074 1.0
1075 1.0
1076 1.0
1077 1.0
1078 1.0
1079 1.0
1080 1.0
1081 2.0
1082 1.0
1083 1.0
1085 1.0
1086 1.0
1087 1.0
1088 1.2
1089 1.5
1090 1.0
1091 1.1111111111111112
1094 1.0
1095 1.0
1096 0.0
1098 1.0
1099 1.0
1100 1.0
1101 0.5
1102 1.0
1103 1.0
1104 1.0
1105 1.0
1106 1.0
1107 1.0
1108 1.0
1109 1.0
1112 1.5
1113 1.0
1114 1.0
1115 1.0
1116 1.0
1117 1.0
1118 1.0
1119 1.0
1120 1.0
1122 0.6666666666666666
1123 1.0
1124 0.5
1125 1.0
1126 1.0
1128 1.0
1129 1.0
1130 1.0
1131 1.0
1132 1.0
1133 1.0
1134 1.0
1135 1.0
1136 1.0
1137 1.0
1138 1.0
1139 0.0
1140 1.0
1141 0.5714285714285714
1142 1.0
1143 2.0
1144 1.0
1145 1.0
1146 1.0
1147 1.25
1148 1.3333333333333333
1149 0.8571428571428571
1150 1.0
1151 1.0
1152 0.8
1153 1.0
1154 1.0
1155 1.0
1158 1.0
1159 1.0
1160 0.2
1161 1.0
1162 1.0
1163 1.6
1164 2.0
1165 3.0
1166 1.0
1167 1.0
1168 1.0
1169 1.0
1170 1.0
1171 2.8181818181818183
1172 1.0
1173 1.2222222222222223
1174 1.25
1175 1.3333333333333333
1176 1.0
1177 0.6666666666666666
1178 1.0
1179 1.0
1180 1.0
1181 2.0
1182 2.0
1183 1.5
1184 0.0
1185 1.0
1186 1.0
1187 1.0
1188 1.5161290322580645
1189 2.0
1190 1.0
1191 1.0
1192 1.0
1193 1.0
1194 1.0
1195 1.0
1196 1.2857142857142858
1197 1.25
1198 1.0
1199 1.0
1200 1.2142857142857142
1201 1.3181818181818181
1202 1.0
1203 1.0
1204 1.0
1205 1.0
1206 1.0
1207 1.0
1208 1.0
1209 1.0
1210 1.0
1211 1.0
1212 1.0
1213 1.0
1214 1.0
1215 0.0
1216 1.0
1217 1.0
1218 1.0
1219 1.0
1220 0.5
1221 0.5
1222 1.0
1223 1.0
1224 1.0
1225 1.0
1226 1.0
1227 1.0
1228 1.5
1229 3.0
1230 2.0
1231 1.0
1232 1.0
1233 1.0
1234 1.0
1235 1.0
1236 1.0
1237 1.0
1238 1.0
1239 1.0
1240 1.0
1241 1.5
1242 1.0
1243 1.0
1244 1.0
1245 2.0
1246 1.0
1247 1.0
1248 1.5
1249 1.0
1250 1.0
1251 2.75
1252 1.625
1253 1.2222222222222223
1254 5.833333333333333
1255 1.0
1256 1.0
1257 1.0
1258 0.6
1259 0.8333333333333334
1260 1.0
1261 1.0
1262 1.0
1263 1.0
1264 1.0
1265 1.0833333333333333
1266 2.2
1267 1.0
1268 1.0
1269 1.0
1270 1.0
1271 1.0
1272 0.3333333333333333
1273 1.0
1274 1.0
1275 1.0
1276 1.0
1277 1.0
1278 1.4545454545454546
1279 1.0
1280 1.0
1281 1.0
1282 1.3142857142857143
1283 1.1666666666666667
1284 0.0
1285 1.3846153846153846
1286 1.0
1287 1.5
1288 2.0
1289 2.0
1290 2.0
1291 1.0
1292 1.0
1293 1.0
1294 1.0
1295 1.0
1296 1.0
1297 1.0
1298 1.0
1299 1.0
1300 1.0
1301 1.0
1302 0.75
1303 1.0
1304 1.0
1305 1.0
1306 1.0
1307 1.0
1308 1.0
1309 2.0
1310 1.2
1311 1.25
1312 0.0
1313 0.0
1314 1.0
1315 1.0
1316 1.0
1317 1.0
1318 1.0
1319 1.0
1320 1.0
1321 2.0
1322 1.0
1323 1.0
1324 1.0
1325 1.0
1326 1.0
1327 1.0
1328 0.0
1329 0.0
1330 0.0
1331 0.8
1332 1.0
1333 1.0
1334 1.0
1335 1.0
1336 0.6666666666666666
1337 0.5
1338 1.0
1339 1.0
1340 1.0
1341 1.0
1342 1.0
1343 1.0
1344 1.0
1345 1.1428571428571428
1346 0.7777777777777778
1347 0.75
1348 1.0
1349 1.0
1350 1.0
1351 1.0
1352 1.0
1353 1.0
1354 1.0
1355 1.75
1356 1.5
1357 1.0666666666666667
1358 1.0
1359 1.0
1360 1.0
1361 1.7058823529411764
1362 1.0
1363 1.0
1364 1.0
1365 1.0
1366 1.0
1367 1.0
1368 1.0
1369 1.0
1370 0.8571428571428571
1371 1.0
1372 1.5
1373 2.0
1374 1.0
1375 1.0
1376 1.0
1377 1.0
1378 1.0
1379 1.0
1380 1.0
1381 1.0
1382 1.0
1383 1.0
1384 1.0
1385 1.0
1386 1.0
1387 1.0
1388 2.0
1389 0.0
1390 2.0
1391 2.0
1392 0.75
1393 0.5
1394 0.5
1395 2.0
1396 1.0
1397 0.6666666666666666
1398 0.8333333333333334
1399 0.5
1400 0.5
1401 0.5
1402 1.0
1403 0.8
1404 0.8571428571428571
1405 0.5
1406 0.5
1407 1.0
1408 1.0
1409 0.0
1410 1.5
1411 1.0
1412 1.0
1413 1.0
1414 1.0
1415 0.3333333333333333
1416 0.5
1417 1.0
1418 1.0
1419 1.0
1420 1.0
1421 1.0
1422 0.0
1423 0.0
1424 1.0
1425 1.0
1426 0.5
1427 0.0
1428 0.6666666666666666
1429 0.5
1430 1.0
1431 1.0714285714285714
1432 1.0
1433 1.0
1434 1.0
1435 0.3333333333333333
1436 1.0
1437 1.0
1438 0.6666666666666666
1439 0.3333333333333333
1440 1.0
1441 0.0
1442 1.0
1443 1.0
1444 1.0
1445 1.0
1446 0.0
1447 0.0
1448 0.0
1449 0.875
1450 1.0
1451 1.25
1452 0.0
1453 0.6666666666666666
1454 1.0
1455 1.0
1456 0.8333333333333334
1457 1.0
1458 1.0
1459 1.0
1460 1.0
1461 1.0
1462 0.5
1463 1.0
1464 1.2941176470588236
1465 0.0
1466 1.0
1467 1.0
1468 1.0
1469 0.0
1470 0.0
1471 0.0
1472 1.5254237288135593
1473 1.0
1474 1.0
1475 1.0
1476 1.0
1477 1.0
1478 1.0
1479 1.0
1480 1.0
1481 1.0
1482 0.8571428571428571
1483 1.0
1484 1.0
1485 1.5
1486 1.0
1487 1.0
1488 1.0
1489 1.0
1490 1.0
1491 1.0
1492 1.0
1493 1.0
1494 0.0
1495 0.0
1496 0.0
1497 0.5
1498 1.0
1499 1.0
1500 1.0
1501 1.0
1502 1.0
1503 0.5
1504 1.0
1505 1.8125
1506 1.0
1507 1.0
1508 1.0
1509 0.0
1510 1.0
1511 1.0
1512 1.0
1513 1.0
1514 1.0
1515 1.0
1516 1.0
1517 1.0
1518 1.8571428571428572
1519 1.0
1520 1.0
1521 1.0
1522 1.0
1523 1.8095238095238095
1524 1.0
1525 1.0
1526 1.0
1527 1.0
1528 1.0
1529 1.0
1530 1.125
1531 0.6666666666666666
1532 1.0
1533 1.0
1534 1.0
1535 1.0
1536 1.0
1537 1.0
1538 0.5
1539 2.0
1540 1.0
1541 0.0
1542 1.25
1543 1.0
1544 1.0
1545 0.6666666666666666
1546 1.0
1547 0.5
1548 0.0
1549 0.0
1550 0.0
1551 1.0
1552 0.5
1553 1.0
1554 1.0
1555 1.0
1556 0.6666666666666666
1557 0.0
1558 1.0
1559 1.2
1560 1.0
1561 1.0
1562 1.0
1563 1.0
1564 0.0
1565 0.0
1566 1.0
1567 1.0
1568 1.0
1569 1.0
1570 1.0
1571 1.0
1572 1.0
1573 1.0
1574 1.0
1575 1.0
1576 1.0
1577 0.5
1578 1.0
1579 1.0
1580 1.0
1581 0.0
1582 1.3
1583 1.0
1584 0.0
1585 0.0
1586 0.5
1587 1.0
1588 1.0
1589 1.0
1590 0.5714285714285714
1591 1.1111111111111112
1592 1.0
1593 1.0
1594 1.0
1595 1.0
1596 2.0
1597 2.0
1598 1.0
1599 2.0
1600 1.0
1601 1.5
1602 1.0
1603 1.5
1604 1.0
1605 1.0
1606 1.1428571428571428
1607 1.0
1608 1.0
1609 1.0
1610 1.0
1611 1.0
1612 1.2307692307692308
1613 1.0
1614 0.0
1615 0.5
1616 1.6666666666666667
1617 1.0
1618 1.0
1619 0.0
1620 0.0
1621 1.05
1622 2.0
1623 0.0
1624 0.6666666666666666
1625 0.0
1626 0.0
1627 0.0
1628 0.0
1629 1.5
1630 0.75
1631 1.0
1632 0.5
1633 0.0
1634 1.0
1635 1.0
1636 1.0
1637 0.0
1638 1.0
1639 1.0
1640 1.0
1641 0.5
1642 1.0
1643 1.0
1644 1.0
1645 1.0
1646 1.0
1647 1.0
1648 1.0
1649 1.0
1650 1.0
1651 1.0
1652 1.5
1653 1.0
1654 1.0
1655 0.0
1656 1.5
1657 1.5
1658 1.0
1659 1.0
1660 0.5
1661 1.0
1662 1.3333333333333333
1663 1.0
1664 0.5
1665 1.0
1666 0.9230769230769231
1667 2.0
1668 1.0
1669 1.0
1670 2.857142857142857
1671 1.0
1672 1.0
1673 0.5
1674 0.5
1675 1.0
1676 1.0
1677 1.0
1678 1.0
1679 0.5
1680 1.0
1681 1.0
1682 1.0
1683 1.25
1684 1.5
1685 1.0
1686 0.0
1687 0.0
1688 0.0
1689 0.0
1690 1.0
1691 1.0
1692 1.0
1693 1.0
1694 1.0
1695 1.0
1696 1.0
1697 1.7142857142857142
1698 1.0
1699 1.0
1700 1.0
1701 1.3333333333333333
1702 1.0526315789473684
1703 1.0
1704 1.0
1705 0.6666666666666666
1706 1.0
1707 1.0
1708 2.0
1709 2.0
1710 2.0
1711 2.0
1712 2.0
1713 1.0
1714 1.0
1715 1.0
1716 1.0
1717 1.0
1718 1.0
1719 2.0
1720 1.6666666666666667
1721 3.0
1722 1.1875
1723 0.0
1724 0.0
1725 0.0
1726 0.0
1727 0.0
1728 1.0
1729 1.0
1730 1.0
1731 0.0
1732 0.0
1733 0.0
1734 1.0
1735 1.0
1736 1.1111111111111112
1737 1.3333333333333333
1738 1.0
1739 1.0
1740 0.0
1741 1.0
1742 1.0
1743 1.0
1744 1.0
1745 1.0
1746 1.0
1747 1.0
1748 0.6
1749 1.0
1750 1.0
1751 1.0
1752 0.5
1753 0.6666666666666666
1754 1.0
1755 1.0
1756 1.0
1757 1.0
1758 2.0
1759 1.5
1760 1.0
1761 1.2105263157894737
1762 0.3333333333333333
1763 1.0
1764 2.0
1765 1.75
1766 1.25
1767 1.0
1768 0.5
1769 1.0
1770 1.0
1771 0.0
1772 1.0
1773 1.0
1774 1.0
1775 1.0
1776 1.0
1777 1.0
1778 1.0
1779 1.0
1780 1.0
1781 1.0
1782 0.0
1783 0.0
1784 2.0
1785 0.9166666666666666
1786 0.9090909090909091
1787 1.0
1788 1.0
1789 1.0
1790 1.0
1791 1.0
1792 0.75
1793 0.0
1794 0.0
1795 0.6666666666666666
1796 0.9230769230769231
1797 2.0
1798 1.0
1799 1.0
1800 1.0
1801 1.0
1802 1.0
1803 1.0
1804 1.5
1805 0.5
1806 1.0
1807 1.0
1808 1.3333333333333333
1809 2.0
1810 1.0
1811 1.0
1812 1.0
1813 1.0
1814 1.3181818181818181
1815 0.6666666666666666
1816 1.0
1817 1.0
1818 1.0
1819 1.0
1820 0.6
1821 0.7777777777777778
1822 0.0
1823 1.0
1824 1.0
1825 1.0
1826 1.0
1827 0.0
1828 1.2
1829 2.0
1830 1.0
1831 1.0
1832 1.0
1833 1.0
1834 1.0666666666666667
1835 3.0
1836 1.0
1837 1.0
1838 0.8
1839 0.5
1840 1.0
1841 1.0
1842 0.0
1843 0.8333333333333334
1844 1.0
1845 0.5
1846 1.0
1847 1.0
1848 1.0
1849 0.0
1850 1.0
1851 1.0
1852 1.0
1853 5.2368421052631575
1854 1.0
1855 1.0
1856 1.0
1857 1.0
1858 1.0
1859 0.0
1860 0.0
1861 1.0
1862 1.0
1863 1.0
1864 0.0
1865 1.0
1866 1.25
1867 0.6666666666666666
1868 1.0
1869 1.0
1870 1.0
1871 0.4
1872 1.25
1873 1.0
1874 1.0
1875 1.0
1876 1.0
1877 1.0
1878 1.0
1879 1.0
1880 1.6666666666666667
1881 1.0
1882 1.0
1883 1.0
1884 0.3333333333333333
1885 1.1
1886 1.0
1887 1.4
1888 1.0
1889 1.0
1890 1.0
1891 0.0
1892 0.0
1893 0.0
1894 0.0
1895 1.0
1896 2.0
1897 1.0
1898 1.0
1899 1.5
1900 1.0
1901 1.2580645161290323
1902 1.0
1903 1.0
1904 1.3333333333333333
1905 1.0
1906 1.0
1907 1.6666666666666667
1908 2.0
1909 1.0
1910 2.0
1911 2.0
1912 2.0
1913 0.3333333333333333
1914 0.5
1915 1.0
1916 0.0
1917 0.0
1918 1.0
1919 1.0
1920 1.0
1921 1.0
1922 0.3333333333333333
1923 1.0
1924 1.0
1925 1.0909090909090908
1926 1.625
1927 0.6666666666666666
1928 1.0
1929 1.0
1930 0.8
1931 1.0
1932 1.3333333333333333
1933 1.25
1934 1.25
1935 0.75
1936 2.0
1937 1.0
1938 1.0
1939 1.0
1940 1.0
1941 1.0
1942 1.5
1943 0.5
1944 1.0
1945 1.0
1946 1.0
1947 1.0
1948 1.0
1949 1.25
1950 1.0
1951 1.0
1952 3.107142857142857
1953 1.0
1954 1.1111111111111112
1955 1.0
1956 1.0
1957 1.0
1958 1.0
1959 1.0
1960 1.0
1961 1.0
1962 1.3333333333333333
1963 1.0
1964 1.0
1965 0.8571428571428571
1966 0.8333333333333334
1967 1.0
1968 0.0
1969 0.0
1970 0.0
1971 0.0
1972 1.0
1973 1.0
1974 1.0
1975 1.25
1976 1.0
1977 1.0
1978 1.0
1979 1.0
1980 1.0
1981 8.0
1982 1.0
1983 1.0
1984 1.0
1985 1.0
1986 1.0
1987 1.0
1988 1.0
1989 1.368421052631579
1990 1.0
1991 1.0
1992 0.6666666666666666
1993 2.0
1994 2.0
1995 1.0
1996 1.0
1997 1.0
1998 1.0
1999 1.0
2000 1.0
2001 0.5
2002 1.0
2003 0.5
2004 0.5
2005 0.0
2006 0.0
2007 0.3333333333333333
2008 0.3333333333333333
2009 1.0
2010 1.4
2011 1.0
2012 0.0
2013 0.0
2014 1.0
2015 1.0
2016 0.0
2017 1.0
2018 2.0
2019 0.8571428571428571
2020 0.0
2021 1.0
2022 0.0
2023 0.0
2024 0.75
2025 1.0
2026 1.2
2027 1.3333333333333333
2028 6.5
2029 0.0
2030 0.0
2031 1.0
2032 1.0
2033 1.0
2034 1.0
2035 1.0
2036 1.0
2037 1.6
2038 1.0
2039 1.0
2040 1.0
2041 2.0
2042 1.0
2043 0.5
2044 2.3666666666666667
2045 1.2727272727272727
2046 1.0
2047 1.6428571428571428
2048 0.0
2049 1.75
2050 1.0
2051 1.0
2052 1.0
2053 1.0
2054 8.0
2055 8.0
2056 1.0625
2057 1.25
2058 0.0
2059 1.0
2060 1.0
2061 0.75
2062 0.0
2063 2.0
2064 1.0
2065 1.0
2066 1.0
2067 2.0
2068 1.0
2069 1.0
2070 1.0
2071 1.0
2072 1.0
2073 1.0
2074 1.0
2075 1.0
2076 1.0
2077 1.3333333333333333
2078 1.5
2079 0.0
2080 1.0
2081 1.0
2082 1.0
2083 1.0
2084 0.5
2085 0.0
2086 0.0
2087 0.0
2088 0.0
2089 0.0
2090 0.0
2091 0.6
2092 0.8
2093 1.05
2094 0.5
2095 0.75
2096 0.5
2097 1.0
2098 1.0
2099 1.0
2100 1.0
2101 1.0
2102 1.0
2103 1.0
2104 1.0
2105 0.5
2106 0.0
2107 1.0
2108 1.2
2109 1.0
2110 1.0
2111 1.0
2112 0.0
2113 1.0
2114 4.333333333333333
2115 0.0
2116 1.0
2117 1.0
2118 1.0
2119 1.0
2120 1.0
2121 0.0
2122 0.0
2123 0.0
2124 1.0
2125 1.2142857142857142
2126 1.0
2127 1.2857142857142858
2128 1.0
2129 1.0
2130 1.0
2131 1.0
2132 1.1111111111111112
2133 1.4545454545454546
2134 1.3333333333333333
2135 1.0
2136 1.0
2137 1.0
2138 1.0
2139 1.1176470588235294
2140 1.0
2141 1.3333333333333333
2142 1.0
2143 1.9090909090909092
2144 0.0
2145 0.5
2146 1.0
2147 1.0
2148 1.0
2149 1.0
2150 1.3571428571428572
2151 1.0
2152 0.0
2153 0.0
2154 0.0
2155 1.0
2156 1.0
2157 1.0
2158 1.0
2159 1.0
2160 0.3333333333333333
2161 1.0
2162 0.0
2163 1.0
2164 1.0
2165 0.0
2166 0.0
2167 1.0
2168 1.0
2169 1.25
2171 1.0
2172 1.0
2173 1.1
2174 2.0
2175 1.5
2176 2.0
2177 2.0
2178 1.0
2179 1.0
2180 1.0
2181 1.0
2182 2.0
2183 2.5
2184 1.6
2185 0.0
2186 1.5416666666666667
2187 1.391304347826087
2188 0.0
2189 1.0
2190 1.0
2191 0.0
2192 0.8
2193 0.7777777777777778
2194 0.6666666666666666
2195 1.0
2196 1.0
2197 1.0
2198 1.0
2199 2.0833333333333335
2200 1.0
2201 1.0
2202 1.0
2203 1.0
2204 1.0
2205 0.7777777777777778
2206 2.125
2207 2.8
2208 1.0
2209 1.0
2210 2.0
2211 1.0
2212 1.0
2213 0.6666666666666666
2214 5.0
2215 1.4285714285714286
2216 1.0
2217 1.0
2218 1.0
2219 0.5
2220 4.642857142857143
2221 0.75
2222 0.8333333333333334
2223 1.3333333333333333
2224 1.0
2225 1.0
2226 1.0
2227 1.0
2228 1.0
2229 1.3333333333333333
2230 1.75
2231 0.8
2232 1.0
2233 0.6666666666666666
2234 1.0
2235 1.0
2236 0.0
2237 1.8518518518518519
2238 6.285714285714286
2239 1.0
2240 2.0
2241 1.6666666666666667
2242 0.0
2243 0.0
2244 1.0
2245 1.1666666666666667
2246 1.0
2247 1.0
2248 0.0
2249 0.0
2250 1.0
2251 1.5
2252 0.0
2253 1.0
2254 1.0
2255 0.0
2256 0.0
2257 0.5
2258 1.2857142857142858
2259 1.0
2260 0.8333333333333334
2261 1.0
2262 0.5
2263 1.5555555555555556
2264 1.4
2265 3.0
2266 1.3
2267 1.0
2268 1.0
2269 1.0
2270 1.0
2271 2.0
2272 1.3333333333333333
2273 2.0
2274 1.0
2275 1.0
2276 1.0
2277 1.0
2278 0.5
2279 1.0
2280 1.0
2281 0.0
2282 0.0
2283 1.0
2284 1.0
2285 1.0
2286 2.0
2287 1.0
2288 1.0
2289 1.0
2290 6.0
2291 6.0
2292 1.0
2293 1.1111111111111112
2294 1.0
2295 0.5
2296 1.0
2297 1.0
2298 1.0
2299 1.0
2300 1.0
2301 1.0
2302 1.0
2303 3.0
2304 3.0
2305 1.0
2306 0.5
2307 1.5
2308 2.0
2309 1.0
2310 1.0
2311 1.0
2312 1.0
2313 1.0
2314 1.0
2315 0.8571428571428571
2316 1.0
2317 1.0
2318 1.0
2319 1.3043478260869565
2320 1.0
2321 1.7058823529411764
2322 0.0
2324 1.0
2325 0.0
2326 0.0
2327 0.0
2328 1.1
2329 0.6666666666666666
2330 1.0
2331 1.0
2332 1.0
2333 1.0
2334 1.0
2335 1.0
2336 1.0
2337 1.0
2338 4.142857142857143
2339 1.0
2340 1.0
2341 1.0
2342 1.0
2343 1.25
2344 1.0
2345 1.0
2346 1.0
2347 1.0
2348 1.0
2349 1.0
2350 2.0
2351 1.0
2352 1.0
2353 1.0
2354 1.0
2355 1.0
2356 1.0
2357 1.3333333333333333
2358 0.6666666666666666
2359 0.5
2360 0.5
2361 1.0
2362 1.0
2363 1.5
2364 1.5
2365 1.0
2366 1.0
2367 1.0
2368 1.0
2369 1.0
2370 1.0
2371 0.5
2372 1.0
2373 1.0
2374 1.0
2375 1.0
2376 1.0
2377 1.0
2378 0.8888888888888888
2379 3.0
2380 1.0
2381 1.0
2382 0.875
2383 1.0
2384 1.0
2385 1.2307692307692308
2386 0.0
2387 1.2
2388 1.0
2389 0.5
2390 0.5
2391 1.4736842105263157
2392 1.0
2393 1.0
2394 0.0
2395 0.0
2396 1.0
2397 0.5
2398 1.2857142857142858
2399 1.0
2400 1.0
2401 1.3333333333333333
2402 0.0
2403 0.0
2404 0.6666666666666666
2405 1.0
2406 1.0
2407 1.0
2408 1.0
2409 1.0
2410 1.0
2411 2.0
2412 1.5
2413 1.0
2414 1.0
2415 1.0
2416 0.9130434782608695
2417 1.0
2418 1.0
2419 0.9
2420 1.0
2422 1.0
2423 0.5
2424 1.3333333333333333
2425 0.6666666666666666
2426 1.0
2427 1.0
2428 0.8
2429 0.6666666666666666
2430 0.5
2431 0.0
2432 0.8888888888888888
2433 1.0
2434 0.6666666666666666
2435 0.0
2436 0.0
2437 1.0
2438 1.0
2439 0.5
2440 1.0
2441 1.0
2442 1.0
2443 1.0
2444 1.0
2445 1.0
2446 1.0
2447 0.5
2448 0.6666666666666666
2449 1.5454545454545454
2450 1.0
2451 1.0
2452 1.0
2453 1.0
2454 1.0
2455 1.0
2456 1.0
2457 1.0
2458 1.5454545454545454
2459 1.25
2460 1.3333333333333333
2461 0.75
2462 0.0
2463 1.0
2464 1.0
2465 0.5
2466 0.5
2467 1.0
2468 0.9230769230769231
2469 0.5
2470 1.0
2471 0.0
2472 0.0
2473 0.0
2474 1.0
2475 1.0
2476 1.0
2477 1.0
2478 1.0
2479 0.0
2480 0.0
2481 0.0
2482 0.0
2483 1.6
2484 0.6666666666666666
2485 1.3333333333333333
2486 2.0
2487 1.0
2488 2.0
2489 2.0
2490 1.4285714285714286
2491 1.0
2492 1.0
2493 0.0
2494 1.0
2495 1.0
2496 1.0
2497 1.0
2498 0.0
2499 0.5
2500 1.0
2501 0.0
2502 0.0
2503 1.0
2504 0.75
2505 1.0
2506 1.0
2507 2.0
2508 1.0
2509 1.0
2510 2.0
2511 0.0
2512 1.0
2513 1.0
2514 1.0
2515 1.0
2516 1.0
2517 1.0
2518 1.0
2519 1.0
2520 1.8
2521 1.8571428571428572
2522 1.0
2523 1.0
2524 1.0
2525 1.5
2526 1.0
2527 1.0
2528 1.0
2529 1.0
2530 1.0
2531 0.0
2532 0.0
2533 0.0
2534 0.5
2535 1.0
2536 1.0
2537 1.0
2538 1.0
2539 1.1428571428571428
2540 2.0
2541 2.0
2542 2.0
2543 1.0
2544 0.0
2545 0.5
2546 0.0
2547 1.0
2548 1.0
2549 0.5
2550 1.0
2551 1.0
2552 1.5
2553 1.8
2554 0.875
2555 1.0
2556 1.0
2557 0.6666666666666666
2558 2.0
2559 1.0
2560 1.0
2561 1.0
2562 1.0
2563 1.3333333333333333
2564 1.0
2565 1.0
2566 1.0
2567 1.0
2568 1.0
2569 1.0
2570 1.5
2571 1.3333333333333333
2572 1.5714285714285714
2573 1.0
2574 1.0
2575 1.0
2576 1.0
2577 1.0
2578 1.0
2579 1.0
2580 1.0
2581 2.0
2582 1.3333333333333333
2583 1.0
2584 1.6666666666666667
2585 1.2
2586 1.1
2587 1.8888888888888888
2588 0.5
2589 1.0
2590 0.6666666666666666
2591 1.4615384615384615
2592 1.6666666666666667
2593 1.0
2594 1.0
2595 3.2
2596 0.5
2597 0.0
2598 0.5
2599 13.5
2600 1.0
2601 0.0
2602 0.0
2603 1.0
2604 3.4285714285714284
2605 0.0
2606 1.0
2607 1.0
2608 1.0
2609 1.0
2610 0.0
2611 1.0
2612 1.3333333333333333
2613 1.0
2614 0.0
2615 0.0
2616 0.0
2617 1.0
2618 1.0
2619 1.0
2620 2.0
2621 1.0
2622 0.75
2623 0.0
2624 0.0
2625 1.0
2626 1.0
2627 1.0
2628 0.75
2629 1.3636363636363635
2630 1.125
2631 1.1428571428571428
2632 0.0
2633 0.0
2634 0.0
2635 0.0
2636 1.1
2637 8.75
2638 0.0
2639 0.0
2640 1.0
2641 1.0
2642 1.0
2643 1.0
2644 2.6666666666666665
2645 1.0
2646 1.0
2647 0.75
2648 1.0
2649 1.25
2650 1.5238095238095237
2651 1.0
2652 1.25
2653 1.0
2654 1.0
2655 1.0
2656 0.5
2657 0.5
2658 1.0
2659 0.0
2660 1.2857142857142858
2661 2.0
2662 2.0
2663 0.0
2664 0.0
2665 0.0
2666 0.0
2667 0.0
2668 0.0
2669 0.0
2670 0.0
2671 0.0
2672 0.0
2673 0.8333333333333334
2674 1.0
2675 1.0
2676 1.25
2677 1.0
2678 1.0
2679 1.0
2680 1.0
2681 1.0
2682 1.0
2683 1.3333333333333333
2684 1.0
2685 1.0
2686 1.0625
2687 1.0
2690 1.0
2691 1.0
2692 1.0
2693 2.0
2694 2.0
2695 2.0
2696 1.0
2697 0.0
2698 0.0
2699 1.1111111111111112
2700 1.0
2701 1.4
2702 3.5
2703 1.0
2704 1.0
2705 1.0
2706 0.75
2707 0.5
2708 1.0
2709 1.0
2710 1.0
2711 1.0
2712 0.0
2713 0.5
2714 0.5
2715 0.5
2716 1.0
2717 1.0
2718 1.0
2719 0.0
2720 0.0
2721 0.0
2722 0.0
2723 1.0
2724 0.8
2725 1.0
2726 1.0
2727 1.0
2728 0.0
2729 0.0
2730 1.0
2731 1.0
2732 1.3333333333333333
2733 1.3333333333333333
2734 1.0
2735 0.0
2736 1.0
2737 1.75
2738 0.0
2739 0.5
2740 0.5
2741 0.6666666666666666
2742 0.0
2743 1.0
2744 1.2857142857142858
2745 2.0
2746 1.0
2747 1.2941176470588236
2748 1.0
2749 1.0
2750 1.0
2751 1.0
2752 1.0
2753 1.0
2754 1.0
2755 1.0
2756 1.0
2757 1.0
2758 1.0
2759 1.0
2760 3.0
2761 4.0
2762 0.5
2763 1.0
2764 1.0
2765 1.0
2766 1.0
2767 0.0
2768 0.0
2769 0.0
2770 0.0
2771 0.0
2772 1.0
2773 1.0
2774 1.5
2775 2.0
2776 1.3333333333333333
2777 1.0
2778 0.0
2779 0.0
2780 0.5
2781 0.8571428571428571
2782 1.0
2783 0.5
2784 1.1363636363636365
2785 1.5
2786 1.5
2787 1.0
2788 1.0
2789 0.75
2790 0.5
2791 0.0
2792 0.5
2793 3.0
2794 1.6923076923076923
2795 0.0
2796 0.0
2797 1.1666666666666667
2798 1.0
2799 1.0
2800 1.0
2801 1.0
2802 1.0
2803 1.5
2804 1.3333333333333333
2805 1.0
2806 1.0
2807 0.0
2808 0.5
2809 0.5
2810 1.0
2811 1.0
2812 2.0
2813 1.0
2814 0.0
2815 1.75
2816 1.9696969696969697
2817 1.5
2818 1.0
2819 1.0
2820 1.0
2821 1.2
2822 0.0
2823 0.0
2824 1.0
2825 1.0
2826 1.0
2827 2.3333333333333335
2828 1.0
2829 1.0
2830 0.8571428571428571
2831 1.0
2832 1.0
2833 1.0
2834 0.0
2835 0.0
2836 1.0
2837 1.0
2838 0.0
2839 1.25
2840 0.3333333333333333
2841 1.25
2842 1.0
2843 0.75
2844 1.0
2845 1.0
2846 1.0
2847 1.6363636363636365
2848 1.0
2849 1.0
2850 1.6923076923076923
2851 2.3333333333333335
2852 1.0833333333333333
2853 1.0
2854 1.0
2855 1.0
2856 1.3333333333333333
2857 1.0
2858 1.0
2859 2.3333333333333335
2860 5.0
2861 5.0
2862 1.0
2863 1.0
2864 1.0
2865 1.0
2866 1.5
2867 1.0
2868 1.0
2869 1.0
2870 0.6666666666666666
2871 1.0
2872 1.0
2873 1.0
2874 0.0
2875 0.0
2876 0.6666666666666666
2877 0.5
2878 1.0
2879 1.0
2880 1.0
2881 1.0
2882 0.0
2883 1.0
2884 1.0
2885 1.0
2886 1.0
2887 1.0
2888 1.0
2889 1.3333333333333333
2890 0.0
2891 1.0
2892 1.0
2893 1.0
2894 1.0
2895 1.0
2896 1.0
2897 1.0
2898 1.25
2899 1.2
2900 1.0
2901 1.0
2902 1.0
2903 1.0
2904 1.0
2905 0.5
2906 2.0
2907 1.5
2908 0.0
2909 0.5
2910 4.0
2911 0.75
2912 0.5
2913 1.0
2914 1.0
2915 1.0
2916 3.0
2917 0.0
2918 1.0
2919 1.0
2920 1.0
2921 1.0
2922 1.0
2923 1.0
2924 1.0
2925 0.6666666666666666
2926 3.0
2927 1.0
2928 1.0
2929 1.0
2930 1.0
2931 1.0
2932 1.0
2933 1.0
2934 1.0
2935 1.0
2936 1.0
2937 0.6666666666666666
2938 1.0
2939 2.0
2940 1.25
2941 0.5
2942 0.3333333333333333
2943 1.0
2944 1.0
2945 1.0
2946 1.0
2947 1.3333333333333333
2948 1.0
2949 1.0
2950 1.0
2951 1.7142857142857142
2952 1.0
2953 1.0
2954 1.5
2955 1.5
2956 1.5
2957 1.5
2958 1.0
2959 1.0
2960 1.0
2961 1.0
2962 1.0
2963 1.0
2964 1.8333333333333333
2965 1.125
2966 1.1818181818181819
2967 1.8
2968 0.0
2969 0.0
2970 0.0
2971 0.0
2972 0.0
2973 0.0
2974 1.0
2975 1.0
2976 2.0
2977 1.7142857142857142
2978 1.1666666666666667
2979 0.0
2980 0.0
2981 0.0
2982 0.0
2983 1.0
2984 0.3333333333333333
2985 0.0
2986 0.0
2987 0.0
2988 0.5
2989 0.0
2990 0.0
2991 1.0
2992 1.1428571428571428
2993 1.3333333333333333
2994 0.0
2995 0.8
2996 1.0
2997 3.0
2998 1.0
2999 1.0
3000 1.0
3001 1.0
3002 2.0
3003 0.0
3004 0.0
3005 0.0
3006 0.0
3007 0.0
3008 0.0
3009 1.0
3010 1.0
3011 0.8333333333333334
3012 30.0
3013 1.0
3014 1.0
3015 1.0
3016 1.0
3017 1.5
3018 1.0
3019 1.5
3020 1.0
3021 1.0
3022 0.6666666666666666
3023 1.0
3024 1.0
3025 1.0
3026 1.0
3027 1.0
3028 1.0
3029 0.5
3030 1.0
3031 1.0
3032 1.8571428571428572
3033 1.0
3034 1.0
3035 1.0
3036 1.0
3037 1.2
3038 1.0
3039 1.0
3040 1.0
3041 0.0
3042 0.0
3043 1.0
3044 1.0
3045 1.0
3046 1.0
3047 1.0
3048 2.0
3049 2.0
3050 2.625
3051 1.0
3052 1.5
3053 1.0
3054 1.6666666666666667
3055 1.25
3056 1.0
3057 1.0
3058 1.0
3059 1.0
3060 1.0
3061 1.0
3062 1.25
3063 1.0
3064 1.0
3065 0.6666666666666666
3066 0.6666666666666666
3067 1.0
3068 1.6
3069 1.0
3070 1.0
3071 1.0
3072 1.1111111111111112
3073 1.0
3074 1.0
3075 1.0
3076 3.0
3077 1.0
3078 1.0
3079 1.0
3080 1.0
3081 0.5
3082 1.0
3083 1.0
3084 1.0
3085 1.0
3086 1.0
3087 0.7142857142857143
3088 0.0
3089 1.0
3090 1.0
3091 1.0
3092 1.0
3093 1.3333333333333333
3094 0.5
3095 1.0
3096 1.0
3097 1.0
3098 1.0
3099 2.0
3100 0.0
3101 0.0
3102 0.0
3103 0.0
3104 1.0
3105 1.0
3106 1.0
3107 1.0
3108 0.8333333333333334
3109 1.3333333333333333
3110 1.1428571428571428
3111 1.0
3112 3.0
3113 3.0
3114 2.3333333333333335
3115 1.5
3116 2.0
3117 1.0
3118 1.0
3119 1.0
3120 1.0
3121 1.0
3122 6.0
3123 6.0
3124 5.142857142857143
3125 5.285714285714286
3126 1.25
3127 1.3333333333333333
3128 1.0
3129 2.0
3130 0.0
3131 0.0
3132 1.0
3133 1.0
3134 1.0
3135 1.0
3136 2.0
3137 3.0
3138 0.6666666666666666
3139 1.0
3140 2.0
3141 1.5
3142 1.0
3143 0.6666666666666666
3144 1.0
3145 1.0
3146 1.0
3147 1.0
3148 1.0
3149 1.0
3150 1.0
3151 1.0
3152 1.0
3153 1.0
3154 1.0
3155 1.0
3156 1.0
3157 1.0
3158 1.0
3159 1.0
3160 1.0
3161 1.2083333333333333
3162 1.0
3163 1.0
3164 1.0
3165 1.0
3166 1.0
3167 1.3333333333333333
3168 1.0
3169 1.0
3170 1.0
3171 2.0
3172 3.0
3173 3.0
3174 0.75
3175 1.0
3176 1.0
3177 1.0
3178 1.4
3179 1.0
3180 0.8571428571428571
3181 1.0
3182 1.0
3183 1.0
3184 1.0
3185 1.0
3186 1.0
3187 0.0
3188 0.5
3189 0.0
3190 1.0
3191 1.0
3192 1.0
3193 1.0
3194 1.0
3195 1.0
3196 0.6666666666666666
3197 1.0
3198 1.0
3199 1.0
3200 1.0
3201 1.0
3202 0.0
3203 1.0
3204 0.0
3205 1.0
3206 1.0
3207 1.0
3208 1.0
3209 1.0
3210 1.0
3211 1.0
3212 1.0
3213 2.857142857142857
3214 1.0
3215 1.0
3216 1.0
3217 1.0
3218 1.0
3219 1.0
3220 1.0
3221 0.875
3222 1.0
3223 1.0
3224 3.0
3225 3.0
3226 2.0
3227 1.0
3228 1.0
3229 1.4
3230 3.0
3231 3.0
3232 1.0
3233 1.0
3234 1.0
3235 2.0
3236 2.0
3237 0.5
3238 1.0
3239 1.0
3240 2.0
3241 2.5
3242 1.0
3243 2.0
3244 2.0
3245 2.0
3246 2.0
3247 2.0
3248 1.0
3249 1.4
3250 1.5
3251 1.0
3252 0.8
3253 3.7142857142857144
3254 1.0
3255 1.0
3256 0.6666666666666666
3257 1.0
3258 1.0
3259 1.0
3260 1.0
3261 1.0
3262 1.0
3263 1.0
3264 2.0
3265 2.0
3266 2.0
3267 1.0
3268 1.0
3269 1.0
3270 1.0
3271 1.0
3272 1.0
3273 1.0
3274 1.0
3275 1.0
3276 1.0
3277 1.0
3278 1.0
3279 1.0
3280 1.5
3281 2.0
3282 1.6666666666666667
3283 2.75
3284 1.5
3285 1.0
3286 1.0
3287 0.6666666666666666
3288 1.0
3289 1.0
3290 1.0
3291 1.0
3292 4.285714285714286
3293 13.5
3294 1.0
3295 0.5
3296 1.0
3297 1.0
3298 1.0
3299 1.0
3300 1.0
3301 1.0
3302 1.0
3303 1.0
3304 1.0
3305 1.0
3306 1.0
3307 1.0
3308 2.0
3309 1.0833333333333333
3310 1.0
3311 1.0
3312 1.0
3313 1.0
3314 0.6666666666666666
3315 2.5
3316 3.0
3317 1.0
3318 0.6666666666666666
3319 1.0
3320 2.0
3321 1.0
3322 1.0
3323 1.3333333333333333
3324 1.0
3325 1.0
3326 1.0
3327 1.0
3328 1.0
3329 1.0
3330 1.0
3331 1.0
3332 1.0
3333 1.6
3334 1.5
3335 1.5
3336 1.0
3337 1.0
3338 1.0
3339 1.0
3340 1.0
3341 1.5
3342 1.0
3343 1.0
3344 1.0
3345 1.0
3346 1.0
3347 1.3333333333333333
3348 1.0
3349 1.0
3350 1.0
3351 1.0
3352 1.0
3353 1.0
3354 1.3333333333333333
3355 2.0
3356 1.0
3357 1.0
3358 1.0
3359 0.0
3360 1.0
3361 0.75
3362 1.0
3363 1.0
3364 1.0
3365 1.0
3366 1.3333333333333333
3367 1.5
3368 1.0
3369 1.0
3370 1.0
3371 1.0
3372 1.0
3373 0.0
3374 0.0
3375 1.8
3376 1.0
3377 1.1428571428571428
3378 1.1818181818181819
3379 0.75
3380 1.3333333333333333
3381 2.0
3382 2.5
3383 4.0
3384 1.0
3385 1.0
3386 1.25
3387 1.0625
3388 1.4
3389 1.0
3390 1.0
3391 1.0
3392 1.0
3393 1.0
3394 1.0
3395 1.0
3396 0.0
3397 1.0
3398 1.0
3399 1.0
3400 1.0
3401 1.0
3402 1.3333333333333333
3403 1.0
3404 1.0
3405 1.0
3406 1.0
3407 1.0
3408 1.5714285714285714
3409 2.5
3410 4.0
3411 1.25
3412 2.0
3413 1.0
3414 0.5
3415 1.0
3416 1.0
3417 1.0
3418 1.0
3419 2.0
3420 1.5
3421 1.0
3422 2.8
3423 0.0
3424 0.0
3425 1.0
3426 1.8571428571428572
3427 3.5
3428 3.5
3429 1.0
3430 1.5
3431 1.0
3432 1.0
3433 1.0
3434 1.0
3435 1.0
3436 1.6
3437 1.0
3438 1.0
3439 1.0
3440 1.0
3441 1.0
3442 1.0
3443 1.0
3444 1.0
3445 1.0
3446 1.2
3447 1.0
3448 1.0
3449 1.0
3450 1.0
3451 9.0
3452 1.0
3453 1.0
3454 1.6666666666666667
3455 1.4
3456 1.0
3457 1.0
3458 1.0
3459 1.0
3460 1.0
3461 1.0
3462 1.0
3463 1.0
3464 3.0
3465 3.0
3466 1.0
3467 1.0
3468 2.0
3469 1.0
3470 1.0
3471 1.0
3472 1.2222222222222223
3473 1.0
3474 1.0
3475 1.0
3476 1.0
3477 2.0
3478 1.0
3479 1.0
3480 1.0
3481 2.5
3482 1.0
3483 1.0
3484 1.0
3485 1.0
3486 3.0
3487 3.0
3488 3.0
3489 3.0
3490 2.0
3491 2.0
3492 0.6666666666666666
3493 1.0
3494 1.0
3495 2.0
3496 1.5
3497 2.0
3498 1.0
3499 1.0
3500 1.25
3501 1.0
3502 1.0
3503 1.5
3504 1.0
3505 1.0
3506 1.0
3507 1.0
3508 1.0
3509 1.0
3510 1.8333333333333333
3511 0.0
3512 0.0
3513 1.0
3514 1.25
3515 1.0
3516 3.7142857142857144
3517 2.0
3518 2.0
3519 0.5
3520 0.5
3521 1.0
3522 1.0
3523 1.0
3524 1.0
3525 1.0
3526 1.0
3527 1.0
3528 1.0
3529 1.0
3530 1.0
3531 1.0
3532 1.0
3533 1.0
3534 1.0
3535 1.0
3536 1.0
3537 1.8
3538 1.25
3539 1.75
3540 1.0
3541 1.0
3542 1.0
3543 1.5714285714285714
3544 1.0
3545 1.0
3546 1.3333333333333333
3547 1.6666666666666667
3548 1.0
3549 1.0
3550 1.0
3551 1.0
3552 1.0
3553 1.0
3554 1.0
3555 1.0714285714285714
3556 3.0
3557 2.0
3558 1.4285714285714286
3559 1.0
3560 1.0
3561 1.0
3562 1.0
3563 0.0
3564 0.0
3565 1.6666666666666667
3566 1.0
3567 1.0
3568 1.0
3569 1.0
3570 1.0
3571 1.0
3572 1.0
3573 1.2
3574 1.4
3575 3.0
3576 1.0
3577 1.0
3578 1.0
3579 1.0
3580 1.0
3581 0.5
3582 0.0
3583 1.0
3584 1.5
3585 0.5
3586 0.0
3587 0.0
3588 1.0
3589 0.5
3590 0.0
3591 0.0
3592 0.5
3593 2.0
3594 0.5
3595 1.0
3596 2.0
3597 1.0
3598 1.0
3599 1.0
3600 1.0
3601 1.1666666666666667
3602 1.2857142857142858
3603 1.0
3604 1.0
3605 4.3
3606 2.230769230769231
3607 1.0
3608 1.8333333333333333
3609 1.0
3610 5.0
3611 0.0
3612 1.0
3613 1.0
3614 1.0
3615 0.0
3616 1.0
3617 1.0
3618 1.4
3619 1.3333333333333333
3620 1.3636363636363635
3621 0.0
3622 0.0
3623 1.0
3624 1.0
3625 1.0
3626 1.0
3627 1.0
3628 1.0
3629 1.0
3630 0.75
3631 0.75
3632 1.0
3633 1.0
3634 1.0
3635 1.0
3636 1.0
3637 1.0
3638 1.0
3639 1.0
3640 2.0
3641 1.5
3642 1.3333333333333333
3643 1.25
3644 0.0
3645 0.0
3646 0.0
3647 1.0
3648 0.75
3649 1.0
3650 1.0
3651 1.0
3652 1.0
3653 1.0
3654 1.0
3655 1.0
3656 1.0
3657 1.0
3658 1.1111111111111112
3659 1.0
3660 1.0
3661 1.0
3662 1.0
3663 1.0
3664 1.0
3665 1.0
3666 1.0
3667 1.0
3668 1.6666666666666667
3669 1.0
3670 1.1666666666666667
3671 1.0
3672 1.0
3673 1.25
3674 1.5
3675 1.0
3676 1.0
3677 3.0
3678 1.0
3679 1.5
3680 3.0
3681 2.0
3682 2.0
3683 4.0
3684 0.0
3685 0.0
3686 1.0
3687 1.0
3688 1.0
3689 1.0
3690 1.0
3691 0.0
3692 1.0
3693 1.0
3694 1.1428571428571428
3695 7.0
3696 1.0
3697 1.0
3698 1.0
3699 1.0
3700 1.0
3701 1.0
3702 3.0
3703 3.0
3704 1.5
3705 1.0
3706 1.0
3707 1.0
3708 1.0
3709 1.0
3710 1.0
3711 1.0
3712 1.0
3713 1.0
3714 2.0
3715 3.0
3716 1.0
3717 0.0
3718 0.0
3719 1.25
3720 2.0
3721 5.0
3722 1.0
3723 1.0
3724 0.75
3725 0.6666666666666666
3726 1.0
3727 1.0
3728 1.0
3729 1.0
3730 1.0
3731 1.0
3732 1.0
3733 1.0
3734 2.0
3735 1.1
3736 0.75
3737 1.0
3738 1.0
3739 1.0
3740 1.0
3741 1.0
3742 1.0
3743 1.0
3744 1.0
3745 0.5
3746 0.6666666666666666
3747 1.0
3748 1.0
3749 1.0
3750 1.0
3751 2.0
3752 1.6666666666666667
3753 1.0
3754 1.0
3755 1.0
3756 2.0
3757 2.0
3758 1.45
3759 1.0
3760 1.0
3761 0.5
3762 0.0
3763 1.0
3764 1.0
3765 1.3333333333333333
3766 1.0
3767 1.0
3768 1.0
3769 1.0
3770 1.0
3771 1.0
3772 1.0
3773 1.7272727272727273
3774 1.0
3775 1.0
3776 1.0
3777 1.0
3778 1.0
3779 1.0
3780 1.0
3781 1.0
3782 1.3333333333333333
3783 2.0
3784 1.5
3785 0.0
3786 1.0
3787 0.0
3788 0.0
3789 1.5
3790 1.0
3791 1.0
3792 1.0
3793 1.0
3794 1.0
3795 1.0
3796 1.0
3797 1.0
3798 1.0
3799 1.0
3800 1.0
3801 2.0
3802 2.0
3803 2.0
3804 1.5
3805 1.3333333333333333
3806 1.0
3807 1.0
3808 1.0
3809 1.0
3810 1.0
3811 1.0
3812 1.0
3813 1.0
3814 1.0
3815 1.6666666666666667
3816 2.0
3817 2.0
3818 2.0
3819 2.0
3820 1.0
3821 1.0
3822 1.0
3823 1.0
3824 1.0
3825 1.25
3826 1.0
3827 2.3333333333333335
3828 2.0
3829 8.4
3830 1.0
3831 1.0
3832 1.0
3833 1.0
3834 1.0
3835 1.0
3836 1.875
3837 1.0
3838 1.0
3839 2.0
3840 1.0
3841 0.8571428571428571
3842 0.8333333333333334
3843 2.0
3844 1.0
3845 0.8333333333333334
3846 1.0
3847 1.0
3848 1.0
3849 1.375
3850 1.0
3851 1.4
3852 1.0
3853 1.0
3854 1.0
3855 1.0
3856 2.0
3857 1.0
3858 1.0
3859 1.0
3860 1.0
3861 1.0
3862 1.9444444444444444
3863 0.6666666666666666
3864 1.0
3865 1.0
3866 1.0
3867 1.0
3868 1.0
3869 1.0
3870 1.0
3871 1.0
3872 1.0
3873 0.0
3874 1.0
3875 1.0
3876 0.0
3877 1.0
3878 1.0
3879 1.0
3880 1.0
3881 2.5
3882 1.0
3883 1.0
3884 1.0
3885 1.0
3886 2.6
3887 1.0
3888 1.0
3889 1.0
3890 1.0
3891 1.0
3892 1.0
3893 1.0
3894 0.6666666666666666
3895 6.8
3896 1.0
3897 1.0
3898 1.0
3899 1.0
3900 0.0
3901 0.0
3902 0.0
3903 0.0
3904 0.5
3905 1.5
3906 1.0
3907 1.3333333333333333
3908 0.8333333333333334
3909 1.0
3910 0.8333333333333334
3911 1.5
3912 1.5
3913 1.0
3914 1.0
3915 1.0
3916 1.3333333333333333
3917 1.0
3918 1.0
3919 1.0
3920 1.0
3921 1.0
3922 1.0
3923 1.0
3924 1.0
3925 1.0
3926 1.0
3927 1.0
3928 1.0
3929 1.0
3930 2.3333333333333335
3931 1.0
3932 1.0
3933 0.6666666666666666
3934 1.0
3935 1.0
3936 1.0
3937 1.0
3938 1.0
3939 0.0
3940 0.6666666666666666
3941 1.6666666666666667
3942 1.0
3943 1.0
3944 1.0
3945 2.0
3946 1.0
3947 1.0
3948 1.0
3949 1.0
3950 1.5
3951 1.5
3952 2.0
3953 2.0
3954 2.0
3955 1.0
3956 1.0
3957 1.0
3958 1.0
3959 2.3
3960 1.0
3961 1.0
3962 1.0
3963 1.9230769230769231
3964 1.0909090909090908
3965 1.0
3966 0.6666666666666666
3967 1.3333333333333333
3968 1.0
3969 1.3333333333333333
3970 1.0
3971 1.0
3972 1.0
3973 1.0
3974 1.0
3975 1.0
3976 1.0
3977 1.0
3978 1.3333333333333333
3979 1.0
3980 1.5
3981 1.0
3982 1.0
3983 1.0
3984 1.0
3985 1.0
3986 2.5
3987 1.0
3988 1.0
3989 1.0
3990 0.0
3991 0.6666666666666666
3992 1.0
3993 1.0
3994 1.0
3995 1.0
3996 1.0
3997 1.0
3998 1.0
3999 1.0
4000 1.0
4001 1.0
4002 1.0
4003 1.0
4004 1.0
4005 0.0
4006 2.0
4007 1.0
4008 1.0
4009 1.0
4010 1.25
4011 1.25
4012 1.0
4013 1.0
4014 1.0
4015 1.0
4016 1.0
4017 1.3333333333333333
4018 1.5
4019 2.0
4020 2.0
4021 0.0
4022 1.2857142857142858
4023 1.25
4024 1.6666666666666667
4025 1.1428571428571428
4026 1.0
4027 1.0
4028 1.0
4029 1.0
4030 1.0
4031 1.75
4032 0.875
4033 0.6666666666666666
4034 0.0
4035 3.0
4036 1.0
4037 0.8
4038 0.6666666666666666
4039 0.5
4040 1.0
4041 1.0
4042 1.0
4043 1.0
4044 1.0
4045 1.0
4046 1.0
4047 1.0
4048 1.0
4049 1.0
4050 1.0
4051 1.4
4052 1.0
4053 1.0
4054 1.0
4055 1.0
4056 1.0
4057 1.0
4058 1.0
4059 1.0
4060 1.0
4061 1.0
4062 1.0
4063 1.0
4064 1.0
4065 1.0
4066 1.0
4067 1.0
4068 1.0
4069 1.0
4070 0.8571428571428571
4071 1.0
4072 1.0
4073 1.0
4074 1.0
4075 1.0
4076 3.0
4077 3.0
4078 2.0
4079 1.25
4080 1.0
4081 1.0
4082 1.0
4083 1.0
4084 1.0
4085 2.75
4086 5.0
4087 3.5
4088 4.0
4089 1.0
4090 1.0
4091 1.0
4092 1.0
4093 1.0
4094 1.3333333333333333
4095 1.0
4096 1.0
4097 1.0
4098 1.0
4099 1.0
4100 1.0
4101 1.4
4102 1.0
4103 1.0
4104 1.0
4105 1.0
4106 1.0
4107 1.0
4108 1.0
4109 1.0
4110 0.6
4111 1.0
4112 1.0
4113 1.125
4114 1.0
4116 1.0
4117 1.0
4118 1.0
4119 1.0
4120 1.0
4121 1.0
4122 1.0
4123 0.0
4124 1.0
4125 1.0
4126 1.0
4127 0.0
4128 0.8333333333333334
4129 1.0
4130 1.0
4131 1.0
4132 1.2
4133 1.0
4134 1.25
4135 1.0
4136 1.5
4137 0.75
4138 1.0
4139 1.0
4140 1.0
4141 1.0
4142 1.0
4143 1.0
4144 1.0
4145 1.5
4146 2.5
4147 1.1666666666666667
4148 1.0
4149 3.0
4150 1.5
4151 1.0
4152 1.0
4153 1.0
4154 1.0
4155 1.0
4156 1.0
4157 1.0
4158 1.0
4159 1.0
4160 2.0
4161 1.0
4162 1.0
4163 1.0
4164 1.0
4165 2.0
4166 2.0
4167 1.0
4168 1.0
4169 1.0
4170 1.5
4171 1.0
4172 0.5
4173 0.5
4174 1.1666666666666667
4175 0.5
4176 0.5
4177 0.5
4178 0.5
4179 0.0
4180 0.5
4181 1.0
4182 1.0
4183 1.0
4184 1.3333333333333333
4185 1.0
4186 1.0
4187 1.0
4188 1.0
4189 1.0
4190 2.0
4191 2.0
4192 1.0
4193 1.0
4194 1.0
4195 1.0
4196 1.0
4197 1.0
4198 1.0
4199 2.0
4200 1.0
4201 1.1428571428571428
4202 1.5
4203 1.0
4204 1.0
4205 1.0
4206 1.0
4207 1.0
4208 1.3333333333333333
4209 0.0
4210 0.0
4211 1.0
4212 1.0
4213 1.0
4214 1.0
4215 10.0
4216 10.0
4217 0.5
4218 0.0
4219 1.0
4220 0.5
4221 0.0
4222 1.0
4223 1.0
4224 1.0
4225 1.0
4226 1.0
4227 0.75
4228 1.0
4229 1.0
4230 1.0
4231 2.0
4232 1.5
4233 0.0
4234 2.0
4235 1.5
4236 1.0
4237 1.1666666666666667
4238 1.0
4239 1.0
4240 1.0
4241 1.0
4242 1.0
4243 1.3333333333333333
4244 2.0
4245 1.5
4246 1.3333333333333333
4247 1.5
4248 3.0
4249 0.0
4250 0.0
4251 0.0
4252 0.0
4253 0.0
4254 0.0
4255 0.0
4256 0.0
4257 0.0
4258 0.5
4259 1.0
4260 1.0
4261 1.0
4262 0.8333333333333334
4263 1.0
4264 0.5
4265 1.0
4266 1.0
4267 1.0
4268 1.0
4269 1.25
4270 1.2
4271 1.0
4272 1.0
4273 1.5
4274 1.1666666666666667
4275 1.6666666666666667
4276 1.0
4277 1.0
4278 1.0
4279 1.4
4280 1.2857142857142858
4281 1.0
4282 1.0
4283 1.0
4284 2.25
4285 2.0
4286 1.0
4287 1.0
4288 0.0
4289 0.0
4290 0.0
4291 1.0
4292 1.0
4293 1.0
4294 1.0
4295 1.0
4296 1.0
4297 1.0
4298 1.0
4299 1.0
4300 1.0
4301 1.0
4302 1.0
4303 1.0
4304 1.0
4305 1.0
4306 3.5
4307 1.0
4308 0.0
4309 1.0
4310 1.0
4311 1.0
4312 1.0
4313 0.0
4314 0.6666666666666666
4315 3.0
4316 1.0
4317 1.0
4318 1.0
4319 0.0
4320 0.0
4321 1.0
4322 0.6666666666666666
4323 1.0
4324 1.0
4325 1.0
4326 1.0
4327 1.0
4328 1.0
4329 1.0
4330 1.0
4331 1.0
4332 1.0
4333 1.0
4334 1.0
4335 1.0
4336 1.0
4337 1.0
4338 1.0
4339 1.0
4340 1.5
4341 1.0
4342 1.0
4343 1.0
4344 0.8333333333333334
4345 1.5
4346 1.0
4347 1.0
4348 1.0
4349 2.0
4350 2.0
4351 1.5
4352 1.0
4353 1.5
4354 1.0
4355 1.4166666666666667
4356 1.3333333333333333
4357 1.5
4358 1.0
4359 1.5
4360 1.0
4361 1.3333333333333333
4362 1.0
4363 0.0
4364 0.0
4365 1.0
4366 1.0
4367 1.0
4368 1.3333333333333333
4369 1.8
4370 2.0
4371 1.0
4372 1.0
4373 1.0
4374 1.0
4375 0.0
4376 1.0
4377 1.0
4378 0.0
4379 1.2
4380 0.0
4381 0.0
4382 1.0
4383 1.0
4384 1.0
4385 1.0
4386 1.0
4387 1.0
4388 1.0
4389 1.1428571428571428
4390 1.0
4391 2.0
4392 2.0
4393 2.0
4394 0.0
4395 0.5
4396 0.0
4397 0.0
4398 1.0
4399 1.0
4400 1.3636363636363635
4401 1.0
4402 1.0
4403 6.0
4404 4.0
4405 1.0
4406 1.3333333333333333
4407 1.0
4408 1.0
4409 1.0
4410 1.0
4411 3.0
4412 1.0
4413 1.0
4414 1.0
4415 1.0
4416 1.0
4417 1.0
4418 1.0
4419 2.0
4420 1.0
4421 3.0
4422 1.0
4423 1.0
4424 2.0
4425 2.0
4426 0.0
4427 2.0
4428 1.5
4429 2.0
4430 1.0
4431 1.0
4432 1.0
4433 1.0
4434 1.0
4435 0.8
4436 2.0
4437 2.0
4438 2.0
4439 1.0
4440 1.0
4441 1.0
4442 1.0
4443 1.0
4444 1.0
4445 1.0
4446 0.5
4447 0.0
4448 0.0
4449 1.0
4450 1.0
4451 1.0
4452 1.0
4453 1.0
4454 1.0
4455 1.8333333333333333
4456 1.5
4457 0.5
4458 1.0
4459 2.0
4460 1.0
4461 1.0
4462 1.3333333333333333
4463 0.0
4464 0.0
4465 1.0
4466 1.0
4467 1.0
4468 1.0
4469 1.0
4470 1.0
4471 3.0
4472 2.0
4473 3.0
4474 3.0
4475 1.3333333333333333
4476 1.0
4477 1.0
4478 1.0
4479 4.0
4480 2.5
4481 2.5
4482 2.5
4483 0.8333333333333334
4484 1.0
4485 1.0
4486 0.0
4487 1.0
4488 1.0
4489 1.0
4490 2.0
4491 1.0
4492 1.0
4493 1.0
4494 1.0
4495 1.0
4496 1.0
4497 1.0
4498 6.0
4499 1.0
4500 1.0
4501 1.0
4502 1.0
4503 1.0
4504 1.0
4505 0.5
4506 1.3333333333333333
4507 1.0
4508 1.0
4509 1.3571428571428572
4510 2.0
4511 2.0
4512 2.0
4513 1.5
4514 2.0
4515 1.5
4516 1.0
4517 1.0
4518 1.5
4519 1.25
4520 1.0
4521 1.0
4522 2.0
4523 1.0
4524 1.5
4526 1.0
4527 1.0
4528 1.0
4529 1.0
4530 1.0
4531 2.0
4532 1.0
4533 1.25
4534 1.0
4535 4.0
4536 1.0
4537 1.0
4538 1.0
4539 1.0
4540 1.0
4541 1.0
4542 1.0
4543 1.0
4544 1.0
4545 1.0
4546 1.0
4547 1.0
4548 1.3333333333333333
4549 1.0
4550 1.0
4551 1.0
4552 3.0
4553 1.0
4554 1.0
4555 1.0
4556 1.0
4557 1.0
4558 1.0
4559 1.0
4560 1.0
4561 1.0
4562 1.0
4563 1.0
4564 1.0
4565 1.0
4566 0.5
4567 0.6666666666666666
4568 1.0
4569 0.0
4570 1.0
4571 1.0
4572 0.0
4573 3.0
4574 2.6666666666666665
4575 1.0
4576 1.0
4577 1.0
4578 1.0
4579 1.0
4580 1.0
4581 1.0
4582 1.0
4583 1.0
4584 0.0
4585 0.5
4586 0.0
4587 1.0
4588 1.0
4589 1.0
4590 1.0
4591 1.0
4592 1.0
4593 1.0
4594 1.0
4595 0.5
4596 1.7142857142857142
4597 1.0
4598 1.5
4599 1.0
4600 1.0
4601 1.0
4602 0.0
4603 0.0
4604 1.0
4605 1.0
4606 1.0
4607 1.0
4608 0.6
4609 0.6
4610 0.0
4611 0.0
4612 0.0
4613 1.0
4614 1.0
4615 1.0
4616 1.0
4617 1.3333333333333333
4618 1.0
4619 1.0
4620 1.0
4621 1.0
4622 0.5
4623 1.0
4624 0.5
4625 1.0
4626 1.0
4627 1.0
4628 1.0
4629 1.0
4630 1.0
4631 1.0
4632 1.0
4633 1.3333333333333333
4634 1.0
4635 1.0
4636 1.0
4637 1.0
4638 1.0
4639 1.3333333333333333
4640 0.0
4641 0.0
4642 0.0
4643 0.0
4644 0.0
4645 0.0
4646 0.0
4647 0.0
4648 0.0
4649 0.0
4650 0.0
4651 0.0
4652 1.1428571428571428
4653 1.0
4654 2.0
4655 1.0
4656 1.0
4657 1.0
4658 1.0
4659 1.0
4660 1.0
4661 3.0
4662 0.0
4663 1.0
4664 1.0
4665 1.0
4666 1.0
4667 1.0
4668 1.0
4669 1.0
4670 1.0
4671 1.2857142857142858
4672 1.0
4673 1.0
4674 1.0
4675 1.25
4676 1.0
4677 1.0
4678 1.0
4679 1.0
4680 1.0
4681 1.0
4682 2.3333333333333335
4683 1.0
4684 1.2
4685 1.0
4686 1.0
4687 1.0
4688 1.0
4689 1.0
4690 0.8
4691 1.0
4692 2.0
4693 1.0
4694 1.0
4695 1.0
4696 1.0
4697 1.0
4698 1.0
4699 1.0
4700 1.0
4701 1.0
4702 1.0
4703 1.0
4704 1.0
4705 1.0
4706 1.0
4707 1.0
4708 0.6
4709 1.0
4710 1.0
4711 0.5
4712 1.0
4713 1.0
4714 1.0
4715 1.0
4716 1.0
4717 1.0
4718 1.0
4719 0.5
4720 2.5
4721 2.0
4722 2.0
4723 2.0
4724 1.5
4725 1.0
4726 1.0
4727 1.0
4728 2.0
4729 1.0
4730 1.6666666666666667
4731 1.0
4732 1.0
4733 2.0
4734 1.5
4735 1.0
4736 1.0
4737 1.5
4738 1.0
4739 1.0
4740 1.0
4741 2.4
4742 1.0
4743 1.0
4744 1.0
4745 2.0
4746 2.0
4747 1.5
4748 1.0
4749 1.0
4750 1.0
4751 1.0
4752 1.0
4753 1.0
4754 1.0
4755 1.0
4756 1.0
4757 1.0
4758 1.0
4759 1.0
4760 1.0
4761 1.0
4762 1.0
4763 3.0
4764 1.0
4765 1.0
4766 1.0
4767 1.0
4768 2.3333333333333335
4769 4.0
4770 1.0
4771 1.0
4772 1.0
4773 1.0
4774 1.0
4775 1.0
4776 1.0
4777 1.0
4778 1.0
4779 1.0
4780 1.0
4781 1.0
4782 1.0
4783 1.0
4784 1.0
4785 2.0
4786 1.0
4787 1.0
4788 1.0
4789 1.0
4790 1.0
4791 1.0
4792 1.0
4793 1.0
4794 1.0
4795 1.0
4796 1.0
4797 5.0
4798 1.0
4799 1.0
4800 2.0
4801 0.6666666666666666
4802 0.6666666666666666
4803 2.3333333333333335
4804 2.0
4805 1.75
4806 2.0
4807 1.0
4808 1.0
4809 2.6666666666666665
4810 3.5
4811 5.0
4812 3.5
4813 1.0
4814 1.2
4815 0.0
4816 1.0
4817 1.0
4818 0.0
4819 0.5
4820 1.0
4821 1.0
4822 1.0
4823 1.0
4824 1.0
4825 1.0
4826 1.0
4827 1.0
4828 1.0
4829 0.5
4830 1.0
4831 1.0
4832 1.0
4833 1.0
4834 1.0
4835 1.0
4836 2.0
4837 1.0
4838 2.0
4839 1.0
4840 1.0
4841 1.0
4842 1.0
4843 1.0
4844 1.0
4845 1.0
4846 2.0
4847 1.5
4848 2.0
4849 1.0
4850 1.0
4851 1.0
4852 1.0
4853 1.0
4854 1.0
4855 1.0
4856 0.6666666666666666
4857 1.5
4858 1.0
4859 1.0
4860 1.0
4861 1.0
4862 1.0
4863 1.0
4864 1.0
4865 1.0
4866 1.0
4867 1.25
4868 2.0
4869 0.0
4870 0.0
4871 0.0
4872 1.5
4873 1.0
4874 1.0
4875 1.0
4876 1.1111111111111112
4877 0.5
4878 1.3333333333333333
4879 1.8571428571428572
4880 0.0
4881 0.0
4882 0.0
4883 1.0
4884 1.0
4885 1.0
4886 0.0
4887 0.0
4888 0.0
4889 0.75
4890 1.0
4891 1.0
4892 1.1666666666666667
4893 1.0
4894 5.0
4895 5.0
4896 1.0
4897 1.0
4898 1.3333333333333333
4899 2.0
4900 1.0
4901 1.0
4902 1.0
4903 0.8
4904 0.5
4905 1.0
4906 1.0
4907 1.0
4908 0.0
4909 1.0
4910 1.0
4911 2.0
4912 4.0
4913 1.8333333333333333
4914 1.0
4915 0.0
4916 0.0
4917 1.8333333333333333
4918 1.5
4919 1.0
4920 1.0
4921 1.0
4922 1.0
4923 0.5
4924 1.0
4925 1.0
4926 1.0
4927 1.0
4928 0.0
4929 0.0
4930 1.0
4931 0.8
4932 1.0
4933 1.0
4934 1.0
4935 1.0
4936 1.0
4937 1.0
4938 1.0
4939 1.5
4940 0.0
4941 0.0
4942 1.0
4943 0.6666666666666666
4944 1.0
4945 1.0
4946 1.0
4947 1.0
4948 1.6666666666666667
4949 1.0
4950 1.0
4951 1.0
4952 1.0
4953 1.2
4954 1.0
4955 1.0
4956 1.0
4957 1.0
4958 1.0
4959 0.5
4960 1.0
4961 1.0
4962 1.0
4963 1.0
4964 1.0
4965 1.0
4966 2.0
4967 1.0
4968 2.0
4969 2.5
4970 1.0
4971 1.0
4972 0.5
4973 1.0
4974 1.0
4975 1.3333333333333333
4976 1.0
4977 1.0
4978 1.0
4979 3.0
4980 1.0
4981 1.0
4982 1.0
4983 2.0
4984 1.0
4985 1.0
4986 1.0
4987 1.0
4988 1.0
4989 1.0
4990 3.0
4991 1.0
4992 1.0
4993 1.25
4994 1.0
4995 1.0
4996 1.0
4997 0.5
4998 1.0
4999 1.0
5000 1.0
5001 2.0
5002 0.0
5003 1.3333333333333333
5004 0.5
5005 1.0
5006 1.0
5007 3.0
5008 1.0
5009 1.0
5010 1.0
5011 1.0
5012 1.0
5013 1.0
5014 1.3333333333333333
5015 1.0
5016 1.0
5017 1.0
5018 1.0
5019 1.0
5020 1.0
5021 1.0
5022 1.0
5023 1.0
5024 1.0
5025 1.0
5026 1.3333333333333333
5027 2.0
5028 0.0
5029 1.0
5030 1.0
5031 1.0
5032 1.0
5033 1.0
5034 1.0
5035 1.0
5036 1.0
5037 1.0
5038 1.0
5039 1.0
5040 1.0
5041 1.0
5042 1.0
5043 1.0
5044 1.0
5045 3.0
5046 3.0
5047 3.0
5048 3.0
5049 1.0
5050 1.0
5051 2.0
5052 1.0
5053 1.0
5054 1.0
5055 1.0
5056 1.0
5057 1.0
5058 1.0
5059 0.8571428571428571
5060 2.0
5061 1.0
5062 1.0
5063 0.0
5064 1.0
5065 4.0
5066 1.0
5067 1.0
5068 1.0
5069 1.0
5070 1.0
5071 1.0
5072 1.0
5073 1.0
5074 1.0
5075 1.0
5076 1.0
5077 1.0
5078 1.5
5079 2.0
5080 0.0
5081 0.0
5082 0.0
5083 1.0
5084 1.0
5085 1.4
5086 1.0
5087 1.0
5088 1.0
5089 1.0
5090 1.0
5091 1.0
5092 1.0
5093 1.0
5094 1.0
5095 1.0
5096 1.0
5097 1.0
5098 1.0
5099 2.0
5100 2.0
5101 1.0
5102 1.0
5103 1.0
5104 1.0
5105 1.0
5106 1.0
5107 1.0
5108 1.5
5109 4.0
5110 4.0
5111 1.0
5112 1.0
5113 1.0
5114 2.0
5115 2.0
5116 2.0
5117 1.0
5118 1.0
5119 3.0
5120 2.0
5121 1.5
5122 1.5
5123 1.25
5124 2.6666666666666665
5125 1.0
5126 2.0
5127 1.0
5128 1.0
5129 1.0
5130 2.0
5131 2.0
5132 1.0
5133 1.0
5134 1.0
5135 1.0
5136 1.0
5137 1.0
5138 1.0
5139 1.0
5140 1.0
5141 1.0
5142 1.0
5143 1.3333333333333333
5144 1.0
5145 1.5
5146 1.3333333333333333
5147 1.0
5148 1.0
5149 0.5
5150 1.0
5151 1.0
5152 1.0
5153 1.0
5154 1.0
5155 0.5
5156 1.0
5157 1.0
5158 1.0
5159 1.0
5160 2.0
5161 4.0
5162 2.0
5163 1.3333333333333333
5165 1.25
5166 1.0
5167 2.0
5168 1.0
5169 1.0
5170 1.0
5171 1.0
5172 1.0
5173 2.0
5174 1.0
5175 2.0
5176 1.5
5177 1.0
5178 1.0
5179 1.0
5180 1.0
5181 1.0
5182 1.0
5183 1.0
5184 1.0
5185 0.6666666666666666
5186 1.0
5187 1.0
5188 1.0
5189 1.0
5190 1.0
5191 1.0
5192 1.0
5193 0.6666666666666666
5194 2.5
5195 1.0
5196 1.4285714285714286
5197 0.75
5198 1.0
5199 1.0
5200 1.25
5201 1.0
5202 4.5
5203 1.0
5204 1.0
5205 1.0
5206 1.0
5207 1.0
5208 2.0
5209 1.3333333333333333
5210 1.5
5211 2.0
5212 2.0
5213 1.0
5214 2.0
5215 2.0
5216 1.5
5217 1.0
5218 1.0
5219 1.0
5220 1.0
5221 1.0
5222 1.0
5223 1.0
5224 1.0
5225 1.0
5226 1.0
5227 1.0
5228 1.0
5229 1.0
5230 1.0
5231 1.0
5232 1.0
5233 1.0
5234 1.0
5235 0.6666666666666666
5236 1.0
5237 1.0
5238 1.0
5239 1.0
5240 1.0
5241 1.0
5242 1.0
5243 1.5
5244 1.0
5245 1.0
5246 1.0
5247 1.0
5248 1.0
5249 1.0
5250 1.0
5251 1.0
5252 0.0
5253 0.0
5254 0.0
5255 0.0
5256 0.0
5257 1.0
5258 1.0
5259 1.0
5260 1.0
5261 1.0
5262 2.0
5263 1.6666666666666667
5264 1.0
5265 1.0
5266 1.0
5267 1.0
5268 0.0
5269 1.0
5270 1.0
5271 3.0
5272 1.0
5273 1.0
5274 2.25
5275 0.6666666666666666
5276 0.75
5277 0.0
5278 1.0
5279 1.0
5280 0.5
5281 2.0
5282 1.1428571428571428
5283 1.0
5284 1.0
5285 1.0
5286 1.0
5287 1.0
5288 1.0
5289 1.0
5290 1.6666666666666667
5291 1.5
5292 2.0
5293 0.6666666666666666
5294 2.0
5295 2.0
5296 1.0
5297 1.0
5298 1.3333333333333333
5299 1.0
5300 1.0
5301 0.6666666666666666
5302 1.0
5303 1.0833333333333333
5304 1.0
5305 1.2
5306 1.0
5307 3.0
5308 1.4
5309 1.25
5310 1.0
5311 1.0
5312 1.0
5313 1.0
5314 1.0
5315 1.0
5316 1.0
5317 1.0
5318 1.0
5319 1.0
5320 1.0
5322 1.0
5323 1.0
5324 1.0
5325 1.0
5326 1.0
5327 1.0
5328 0.8
5329 0.5
5330 1.0
5331 1.0
5332 1.0
5333 1.0
5334 1.0
5335 1.0
5336 1.3333333333333333
5337 0.0
5338 0.75
5339 0.0
5340 6.0
5341 1.25
5342 1.0
5343 1.0
5344 1.0
5345 1.0
5346 1.0
5347 1.0
5348 1.0
5349 2.0
5350 3.0
5351 2.0
5352 2.0
5353 2.0
5354 1.0
5355 1.0
5356 1.1428571428571428
5357 2.0
5358 1.0
5359 1.0
5360 1.0
5361 1.0
5362 1.0
5363 1.0
5364 0.6666666666666666
5365 1.0
5366 1.0
5367 1.0
5368 1.0
5369 1.0
5370 1.0
5371 1.0
5372 1.5
5373 2.0
5374 1.0
5375 1.0
5376 1.0
5377 1.0
5378 1.0
5379 1.0
5380 1.0
5381 1.0
5382 1.0
5383 1.0
5384 1.0
5385 1.0
5386 1.0
5387 1.0
5388 1.0
5389 1.0
5390 1.0
5391 1.0
5392 1.0
5393 1.0
5394 1.0
5395 1.0
5396 1.0
5397 1.0
5398 1.0
5399 1.5
5400 1.0
5401 1.0
5402 0.0
5403 0.0
5404 1.1428571428571428
5405 1.0
5406 1.0
5407 0.0
5408 0.0
5409 0.0
5410 1.0
5411 1.0
5412 1.0
5413 0.0
5414 0.5
5415 0.0
5416 0.0
5417 1.0
5418 1.0
5419 1.0
5420 1.0
5421 1.0
5422 1.0
5423 1.0
5424 1.0
5425 2.0
5426 1.0
5427 1.0
5428 0.6666666666666666
5429 1.0
5430 1.0
5431 1.0
5432 1.0
5433 1.0
5434 1.0
5435 1.0
5436 1.0
5437 1.0
5438 1.0
5439 1.0
5440 1.0
5441 1.0
5442 1.0
5443 1.0
5444 0.5
5445 1.0
5446 1.0
5447 1.0
5448 1.0
5449 1.0
5450 1.0
5451 1.3333333333333333
5452 0.0
5453 0.0
5454 1.0
5455 1.0
5456 1.0
5457 1.0
5458 1.0
5459 1.0
5460 1.0
5461 1.0
5462 1.25
5463 1.0
5464 1.0
5465 2.0
5466 1.0
5467 1.0
5468 1.6666666666666667
5469 2.0
5470 1.0
5471 1.0
5472 1.0
5473 2.0
5474 1.0
5475 1.0
5476 1.6666666666666667
5477 1.0
5478 1.0
5479 3.0
5480 3.0
5481 3.0
5482 3.0
5483 3.0
5484 3.0
5485 3.0
5486 3.0
5487 1.0
5488 1.0
5489 0.875
5490 1.0
5491 1.0
5492 1.0
5493 1.0
5494 1.0
5495 0.0
5496 1.3333333333333333
5497 1.0
5498 1.0
5499 1.0
5500 1.0
5501 1.0
5502 1.0
5503 2.0
5504 3.0
5505 1.0
5506 1.75
5507 1.0
5508 1.0
5509 1.0
5510 2.0
5511 1.0
5512 1.0
5513 1.0
5514 1.0
5515 1.0
5516 1.0
5517 1.0
5518 1.0
5519 1.0
5520 1.0
5521 1.5
5522 1.0
5523 1.875
5524 1.0
5525 1.0
5526 1.0
5527 1.0
5528 1.0
5529 1.0
5530 1.0
5531 1.0
5532 1.0
5533 1.0
5534 1.3333333333333333
5535 1.0
5536 1.0
5537 1.0
5538 1.0
5539 2.2
5540 3.5
5541 2.5
5542 1.0
5543 1.0
5544 1.0
5545 1.0
5546 1.0
5547 1.0
5548 1.0
5549 1.0
5550 1.3333333333333333
5551 1.0
5552 1.0
5553 1.0
5554 1.0
5555 1.0
5556 1.0
5557 1.0
5558 1.25
5559 1.5
5560 4.0
5561 4.0
5562 4.0
5563 4.0
5564 4.0
5565 4.0
5567 1.0
5568 1.0
5569 3.0
5570 1.0
5571 1.125
5572 1.0
5573 1.0
5574 1.0
5575 2.0
5576 3.0
5577 1.0
5578 2.0
5579 1.0
5580 1.0
5581 1.0
5582 1.0
5583 1.0
5584 1.0
5585 1.0
5586 1.0
5587 1.3333333333333333
5588 1.5
5589 1.0
5590 1.0
5591 1.0
5592 1.0
5593 1.0
5594 1.0
5595 1.0
5596 1.0
5597 1.0
5598 1.0
5599 1.0
5600 1.0
5601 1.0
5602 1.0
5603 1.0
5604 1.0
5605 1.0
5606 2.0
5607 1.0
5608 1.0
5609 1.0
5610 1.0
5611 1.0
5612 1.0
5613 1.0
5614 1.0
5615 1.0
5616 1.0
5617 1.0
5618 1.0
5619 1.0
5620 2.0
5621 1.0
5622 1.0
5623 0.6666666666666666
5624 1.0
5625 1.0
5626 1.0
5627 1.0
5628 1.0
5629 1.0
5630 0.5
5631 1.0
5632 1.0
5633 1.0
5634 1.0
5635 1.0
5636 1.6666666666666667
5637 1.0
5638 1.0
5639 1.0
5640 1.0
5641 1.0
5642 1.0
5643 1.5
5644 1.0
5645 1.0
5646 1.0
5647 2.0
5648 1.0
5649 1.0
5650 1.0
5651 1.0
5652 1.0
5653 9.0
5654 2.5
5655 3.5
5656 1.0
5657 1.0
5658 1.0
5659 1.0
5660 1.0
5661 1.0
5662 1.0
5663 1.0
5664 1.0
5665 1.0
5666 1.0
5667 1.5
5668 2.0
5669 1.0
5670 1.0
5671 1.0
5672 1.0
5673 1.0
5674 1.0
5675 1.0
5676 1.0
5677 2.0
5678 1.0
5679 1.0
5680 1.0
5681 1.0
5682 1.0
5683 1.0
5684 1.0
5685 1.0
5686 1.0
5687 1.0
5688 1.0
5689 0.0
5713 1.2857142857142858
5837 1.0
5838 1.0
6268 1.0
6269 1.0
6270 1.0
6271 1.0
6272 1.0
6273 0.0
6274 1.3333333333333333
6275 0.0
6276 1.0
6277 1.0
6278 1.0
6279 0.6666666666666666
6280 1.0
6281 1.0
6282 1.6666666666666667
6283 2.0
6284 0.0
6285 0.0
6286 1.2
6287 1.0
6288 2.2
6289 2.0
6290 2.5
6291 2.5
6292 2.5
6293 2.5
6294 2.0
6295 1.0
6296 1.0
6297 1.0
6298 1.0
6299 1.0
6300 1.0
6301 1.3333333333333333
6302 1.0
6303 1.5
6304 2.0
6305 1.5
6306 2.0
6307 2.0
6308 1.7
6309 1.0
6310 1.0
6311 2.0
6312 1.0
6313 1.0
6314 1.0
6315 0.0
6316 2.0
6317 1.0
6318 1.0
6319 1.0
6320 0.8
6321 1.0
6322 1.0
6323 1.25
6324 2.0
6325 1.0
6326 1.0
6327 1.0
6328 1.0
6329 1.0
6330 1.0
6331 1.0
6332 1.0
6333 1.2
6334 1.0
6335 1.6666666666666667
6336 1.0
6337 3.0
6338 1.375
6339 1.0
6340 1.3333333333333333
6341 4.0
6342 1.4
6343 1.25
6344 1.5
6345 1.6666666666666667
6346 1.0
6347 1.8
6348 1.0
6349 1.0
6350 1.0
6351 1.0
6352 1.0
6353 1.0
6354 0.0
6356 1.0
6357 1.0
6358 1.0
6359 1.0
6360 1.2
6361 1.0
6362 1.0
6363 1.0
6364 1.0
6365 1.0
6366 0.8888888888888888
6367 0.0
6368 0.8181818181818182
6369 0.9130434782608695
6370 0.5
6371 0.5
6372 1.0
6373 0.5
6374 1.3333333333333333
6375 2.0
6376 2.25
6377 1.0
6378 1.0
6379 1.0
6380 1.0
6381 1.0
6382 1.0
6383 1.0
6384 1.0
6385 1.0
6386 1.0
6387 1.0
6388 1.0
6389 1.0
6390 1.0
6391 1.0
6392 1.5
6393 1.3333333333333333
6394 1.0
6395 1.0
6396 1.0
6397 1.0
6398 1.0
6399 1.0
6400 1.0
6401 2.0
6402 1.0
6403 1.0
6404 1.0
6405 1.0
6406 0.6
6407 0.6666666666666666
6408 1.5
6409 1.0
6410 1.0
6411 1.0
6412 1.0
6413 1.25
6414 1.0
6415 1.4
6416 1.0
6417 1.0
6418 1.0
6419 1.0
6420 1.0
6421 1.0
6422 1.0
6423 2.0
6424 2.0
6425 2.0
6426 0.5
6427 1.0
6428 1.0
6429 1.0
6430 1.0
6431 1.0
6432 1.0
6433 2.0
6434 1.0
6435 2.0
6436 2.0
6437 1.0
6438 1.3333333333333333
6439 1.6666666666666667
6440 2.0
6441 2.0
6442 2.0
6443 1.5
6444 0.5
6445 1.0
6446 1.0833333333333333
6447 0.0
6448 1.0
6449 1.1111111111111112
6450 1.0
6451 1.0
6452 1.2727272727272727
6453 1.0
6454 1.0
6455 1.0
6456 1.0
6457 1.2
6458 2.0
6459 2.0
6460 1.0
6461 1.0
6462 1.0
6463 1.0
6464 2.5294117647058822
6465 1.0
6466 1.0
6467 1.0
6468 1.5
6469 2.0
6470 0.0
6471 0.25
6472 1.0
6473 1.0
6474 1.0
6475 4.0
6476 0.6666666666666666
6477 0.75
6478 2.3333333333333335
6479 3.5
6480 1.3333333333333333
6481 2.0
6482 1.0
6483 1.0
6484 1.0
6485 0.8
6486 1.25
6487 1.3333333333333333
6488 1.0
6489 2.0
6490 2.0
6491 2.0
6492 1.0
6493 1.6666666666666667
6494 3.0
6495 1.0
6496 1.0
6497 1.0
6498 1.0
6499 2.0
6500 0.5
6501 0.0
6502 0.6666666666666666
6503 0.5
6504 0.6666666666666666
6505 1.0
6506 1.0
6507 1.0
6508 1.0
6509 1.0
6510 1.0
6511 1.5
6512 2.0
6513 2.0
6514 1.25
6515 1.0
6516 1.0
6517 1.0
6518 1.0
6519 1.0
6520 1.0
6521 1.0
6522 1.6666666666666667
6523 1.6666666666666667
6524 2.0
6525 2.0
6526 1.0
6527 1.0
6528 1.0
6529 3.0
6530 3.0
6531 1.0
6532 1.0
6533 1.0
6534 1.0
6535 1.0
6536 1.0
6537 1.0
6538 1.0
6539 1.0
6540 1.0
6541 1.0
6542 1.0
6543 1.0
6544 1.0
6545 1.75
6546 4.0
6547 1.0
6548 1.1428571428571428
6549 1.0
6550 1.0
6551 1.0
6552 1.0
6553 1.0
6554 1.0
6555 1.0
6556 1.0
6557 1.0
6558 1.25
6559 1.3333333333333333
6560 1.0
6561 1.0
6562 2.0
6563 2.0
6564 2.0
6565 2.0
6566 1.0
6567 2.0
6568 1.0
6569 1.0
6570 1.0
6571 2.0
6572 1.0
6573 1.0
6574 1.0
6575 1.0
6576 1.0
6577 2.0
6578 1.3333333333333333
6579 2.0
6580 1.5
6581 3.0
6582 0.8571428571428571
6583 1.3333333333333333
6584 2.0
6585 2.0
6586 3.6666666666666665
6587 1.0
6588 1.0
6589 1.0
6590 1.0
6591 1.0
6592 1.0
6593 1.0
6594 1.0
6595 1.0
6596 2.0
6597 0.8
6598 1.0
6599 1.0
6600 1.0
6601 0.5
6602 1.0
6603 1.0
6604 2.0
6605 1.0
6606 1.0
6607 1.0
6608 1.0
6609 1.0
6610 0.0
6611 0.0
6612 1.4
6613 1.0
6614 1.0
6615 1.0
6616 1.5
6617 1.0
6618 1.0
6619 1.0
6620 1.6666666666666667
6621 1.0
6622 1.0
6623 1.0
6624 1.4
6625 1.0
6626 1.0
6627 1.0
6628 1.0
6629 1.0
6630 1.0
6631 1.25
6632 1.0
6633 1.0
6634 1.0
6635 70.875
6636 559.0
6637 94.0
6638 1.0
6639 1.0
6640 1.0
6641 1.0
6642 0.5
6643 0.75
6644 1.4
6645 1.0
6646 1.0
6647 1.5
6648 1.0
6649 1.0
6650 1.0
6651 1.0
6652 0.0
6653 1.0
6654 1.0
6655 0.5
6656 0.0
6657 0.0
6658 0.0
6659 1.0
6660 1.0
6661 1.0
6662 1.0
6663 1.0
6664 1.0
6665 1.0
6666 1.0
6667 1.0
6668 1.0
6669 1.0
6670 1.0
6671 1.0
6672 1.0
6673 1.0
6674 0.5
6675 1.0
6676 1.0
6677 1.0
6678 1.0
6679 1.0
6680 1.0
6681 1.0
6682 1.0
6683 1.0
6684 1.0
6685 3.0
6686 1.0
6687 1.0
6688 2.0
6689 2.0
6690 1.0
6691 1.0
6692 1.0
6693 0.5
6694 1.0
6695 1.0
6696 1.0
6697 1.0
6698 1.0
6699 1.0
6700 1.0
6701 1.0
6702 1.0
6703 1.0
6704 1.0
6705 1.0
6706 1.0
6707 2.0
6708 1.0
6709 3.0
6710 3.0
6711 3.0
6712 3.0
6713 0.0
6714 1.0
6715 1.0
6716 1.0
6717 1.0
6718 1.0
6719 1.0
6720 1.0
6721 0.0
6722 0.5
6723 0.0
6724 1.0
6725 1.0
6726 1.0
6727 1.0
6728 0.5
6729 1.0
6730 1.0
6731 1.0
6732 0.0
6733 0.0
6734 1.5
6735 1.0
6736 1.0
6737 1.0
6738 1.0
6739 1.0
6740 1.0
6741 1.0
6742 1.0
6743 1.0
6744 1.0
6745 1.0
6746 0.0
6747 0.0
6748 1.0
6749 1.0
6750 1.0
6751 1.3333333333333333
6752 1.0
6753 1.0
6754 1.0
6755 1.0
6756 1.5
6757 0.0
6758 0.0
6759 1.0
6760 1.0
6761 1.0
6762 1.0
6763 1.0
6764 1.0
6765 1.0
6766 1.0
6767 1.0
6768 0.75
6769 1.0
6770 1.0
6771 1.0
6772 1.0
6773 1.0
6774 1.0
6775 1.0
6776 1.0
6777 1.0
6778 1.0
6779 1.0
6780 1.0
6781 1.0
6782 1.0
6783 0.5
6784 1.0
6785 1.0
6786 1.0
6787 1.0
6788 0.5
6789 1.0
6790 1.0
6791 1.5
6792 2.0
6793 1.5
6794 1.0
6795 1.0
6796 1.0
6797 1.0
6798 1.0
6799 1.0
6800 2.0
6801 1.0
6802 1.0
6803 1.0
6804 1.0
6805 1.0
6806 1.0
6808 2.0
6809 2.0
6810 1.0
6811 1.0
6812 1.0
6813 1.0
6814 1.0
6815 1.0
6816 1.0
6817 2.0
6818 1.0
6819 1.0
6820 1.0
6829 1.0
6830 1.0
6832 1.0
6833 1.0
6834 1.0
6835 1.0
6836 1.0
6837 1.0
6838 1.0
6839 1.0
6840 1.0
6841 1.0
6842 1.0
6843 1.0
6844 1.0
6845 1.0
6846 1.0
6847 1.0
6848 1.0
6849 1.0
6850 1.0
6851 1.0
6852 1.0
6853 1.0
6854 1.0
6856 1.0
6857 1.0
6858 0.0
6859 0.0
6860 0.0
6861 0.0
6862 0.5
6863 0.0
6864 1.0
6866 1.0
6868 1.0
6869 1.0
6870 1.0
6871 1.0
6872 1.0
6873 1.0
6874 1.0
6875 1.0
6876 0.5
6877 1.0
6878 1.0
6879 1.0
6880 1.0
6881 1.0
6882 1.0
6883 1.5
6884 1.0
6885 1.0
6886 1.0
6887 1.0
6888 1.0
6889 1.0
6890 1.0
6891 1.0
6892 1.0
6893 1.0
6894 1.0
6895 1.0
6896 1.0
6897 1.0
6898 1.0
6899 1.0
6900 1.0
6901 1.0
6902 1.0
6903 1.0
6904 1.0
6905 1.0
6906 1.0
6907 1.0
6909 2.0
6910 2.0
6911 1.0
6912 1.0
6913 1.0
6914 1.0
6916 1.0
6917 1.0
6918 1.0
6919 3.0
6920 0.0
6921 0.0
6922 0.0
6923 0.0
6924 0.0
6925 0.0
6926 0.0
6927 1.0
6928 1.0
6929 1.0
6930 1.0
6931 1.0
6932 1.0
6933 1.0
6934 0.0
6935 1.0
6936 0.0
6937 1.0
6938 0.5
6939 0.5
6940 0.0
6941 0.0
6942 0.0
6943 0.0
6944 0.5
6945 0.0
6946 1.0
6947 1.0
6948 1.0
6949 1.0
6950 1.0
6951 1.0
6952 2.0
6953 2.0
6954 1.0
6955 1.0
6956 2.0
6957 2.0
6958 1.0
6959 1.0
6960 1.0
6961 1.0
6962 1.0
6963 0.5
6964 1.0
6965 1.0
6966 1.0
6967 1.5
6968 2.0
6969 2.0
6970 2.0
6971 0.0
6972 0.0
6973 1.0
6974 1.0
6975 1.0
6976 0.0
6977 0.0
6978 0.0
6979 0.0
6980 1.3333333333333333
6981 2.0
6982 1.0
6983 1.0
6984 1.0
6985 1.0
6987 1.0
6988 2.0
6991 2.0
6992 1.0
6993 1.0
6994 1.0
6995 0.5
6997 1.0
6998 1.0
6999 1.0
7000 1.0
7003 1.0
7004 1.0
7005 1.0
7006 1.0
7007 1.0
7008 1.0
7009 1.0
7010 0.0
7011 1.0
7012 1.0
7013 1.0
7014 2.0
7015 2.0
7016 0.0
7017 0.0
7018 0.0
7019 2.0
7020 2.0
7021 2.0
7022 0.0
7023 1.3333333333333333
7024 1.0
7025 1.0
7026 1.0
7027 1.0
7028 2.0
7029 2.0
7030 2.0
7032 2.0
7033 2.0
7035 2.0
7036 1.0
7037 2.0
7038 1.0
7039 1.0
7040 1.0
7041 1.0
7042 1.0
7043 1.0
7044 0.0
7045 0.0
7047 0.0
7048 0.0
7049 1.0
7050 1.0
7053 1.0
7054 1.0
7055 0.0
7056 0.0
7057 1.0
7058 1.0
7059 1.0
7060 1.0
7061 1.0
7062 1.25
7064 1.0
7065 4.0
7066 4.0
7067 1.0
7068 1.0
7069 1.0
7070 1.0
7071 2.0
7072 0.0
7073 1.0
7074 2.0
7075 2.0
7076 2.0
7077 2.0
7078 1.0
7079 1.0
7080 0.0
7081 1.0
7082 1.0
7083 1.0
7084 1.0
7085 0.0
7086 0.0
7087 1.0
7088 0.0
7090 0.0
7091 0.0
7092 0.0
7093 0.0
7094 2.0
7095 1.0
7096 1.0
7097 1.0
7098 1.0
7099 1.0
7100 0.0
7102 0.0
7103 1.0
7104 1.0
7105 1.0
7106 0.0
7107 0.0
7108 0.5
7109 0.0
7110 0.0
7111 1.0
7112 2.0
7113 2.0
7114 2.0
7115 0.0
7116 1.0
7117 1.0
7118 1.0
7119 1.0
7120 1.0
7124 1.0
7125 0.5
7126 0.0
7127 0.5
7128 0.0
7129 1.0
7130 1.0
7131 1.0
7132 0.0
7133 0.7142857142857143
7134 1.0
7135 1.0
7136 1.0
7137 1.5
7138 1.3333333333333333
7139 2.0
7140 1.0
7141 1.0
7142 1.0
7143 1.0
7144 1.0
7145 1.0
7146 1.0
7147 1.0
7148 1.0
7149 2.0
7150 1.5
7151 1.0
7152 1.0
7153 1.0
7154 1.1818181818181819
7155 2.0
7156 2.0
7157 1.0
7158 1.0
7159 1.0
7160 0.5
7161 1.25
7162 0.0
7163 0.0
7164 0.0
7165 0.6
7166 1.0
7167 0.0
7168 2.0
7169 1.0
7170 1.0
7171 1.0
7172 1.0
7173 1.0
7174 1.0
7175 1.0
7176 1.0
7177 1.0
7178 1.5
7179 1.0
7180 1.0
7181 1.0
7182 1.0
7183 0.0
7184 0.0
7185 0.0
7186 0.6666666666666666
7187 1.0
7188 1.0
7189 1.0
7190 0.5
7191 0.0
7192 1.6666666666666667
7193 1.0
7194 1.0
7195 1.0
7196 1.0
7197 1.0
7198 1.0
7199 1.0
7200 1.0
7201 1.0
7202 1.0
7203 1.0
7204 1.0
7205 1.0
7206 1.0
7207 1.0
7208 1.0
7209 1.0
7210 1.0
7211 1.0
7212 1.0
7213 1.0
7214 1.0
7215 0.0
7216 1.0
7217 2.0
7218 1.75
7219 0.0
7220 0.0
7221 0.0
7222 0.5714285714285714
7223 0.5
7224 1.0
7225 1.0
7226 1.0
7227 1.0
7228 1.5
7229 1.0
7230 1.0
7231 1.0
7232 1.0
7233 1.0
7234 1.0
7235 1.0
7236 0.5
7237 1.0
7238 0.5
7239 0.5
7240 1.0
7241 1.0
7242 0.5
7243 0.5
7244 1.0
7245 1.0
7246 1.0
7247 1.0
7248 1.0
7249 0.6666666666666666
7250 1.0
7251 1.0
7252 0.6666666666666666
7253 1.0
7254 1.0
7255 1.0
7256 1.0
7257 1.0
7258 1.6666666666666667
7259 2.0
7260 1.0
7261 0.0
7262 0.0
7263 1.0
7264 1.0
7265 1.0
7266 2.0
7267 1.0
7268 1.5
7269 1.0
7270 1.0
7271 1.0
7272 3.0
7273 3.0
7274 3.0
7275 1.0
7276 1.0
7277 1.0
7278 1.0
7279 1.0
7280 1.0
7281 1.0
7282 3.0
7283 1.0
7284 1.0
7285 1.0
7286 1.0
7287 1.5
7288 3.0
7289 3.0
7290 5.0
7291 2.0
7292 1.5
7293 1.5
7294 2.0
7295 2.0
7296 1.0
7297 1.0
7298 1.0
7299 1.0
7300 2.0
7301 2.0
7302 1.0
7303 1.0
7304 1.0
7305 1.0
7306 1.0
7307 0.75
7308 1.0
7309 2.0
7310 1.5
7311 1.0
7312 1.0
7313 1.0
7314 1.0
7315 1.0
7316 1.0
7317 1.0
7318 1.0
7319 0.6666666666666666
7320 1.0
7321 1.0
7322 1.0
7323 1.0
7324 1.0
7325 1.0
7326 2.0
7327 2.0
7328 1.0
7329 1.0
7330 1.0
7331 0.75
7332 1.0
7333 1.0
7334 1.0
7335 2.0
7336 1.0
7337 0.6666666666666666
7338 1.0
7339 1.0
7340 1.0
7341 1.0
7342 1.0
7343 1.0
7344 0.6
7345 1.0
7346 1.0
7347 1.0
7348 1.5
7349 1.0
7350 1.0
7351 1.0
7352 1.0
7353 1.0
7354 1.0
7355 1.0
7356 1.0
7357 1.0
7358 1.0
7359 1.0
7360 1.0
7361 1.0
7362 1.0
7363 1.0
7364 1.0
7365 2.0
7366 2.0
7367 1.0
7368 1.0
7369 0.0
7370 0.6666666666666666
7371 1.0
7372 1.0
7373 1.0
7374 0.5
7375 3.0
7376 1.0
7377 1.0
7378 1.0
7379 1.0
7380 1.0
7381 1.0
7382 1.0
7383 1.0
7384 1.0
7385 1.0
7386 2.0
7387 4.0
7388 1.0
7389 1.0
7390 1.0
7391 1.0
7392 1.0
7393 1.0
7394 1.0
7395 1.0
7396 1.0
7397 1.0
7398 1.0
7399 0.0
7400 0.5
7401 0.0
7402 1.0
7403 1.0
7404 1.0
7405 2.25
7406 5.0
7407 5.0
7408 5.0
7409 5.0
7410 1.0
7411 1.0
7412 1.0
7413 1.0
7414 1.0
7415 1.5
7416 1.5
7417 1.0
7418 1.0
7419 1.0
7420 1.0
7421 1.0
7422 1.0
7423 1.0
7424 1.25
7425 1.0
7426 1.0
7427 1.0
7428 1.0
7429 0.0
7430 0.5
7431 1.0
7432 1.0
7433 1.0
7434 1.0
7435 0.0
7436 0.0
7437 2.0
7438 1.0
7439 1.0
7440 1.0
7441 1.0
7442 1.0
7443 1.0
7444 1.0
7445 1.0
7446 0.5
7447 0.75
7448 1.0
7449 1.2
7450 0.0
7451 0.8571428571428571
7452 5.0
7453 1.0
7454 3.0
7455 2.0
7456 1.0
7457 1.0
7458 1.0
7459 1.0
7460 1.0
7461 1.5
7462 1.0
7463 1.0
7464 1.0
7465 1.0
7466 1.0
7467 1.0
7468 1.0
7469 1.0
7470 1.0
7471 1.0
7472 1.0
7473 1.0
7474 1.1666666666666667
7475 0.0
7476 0.0
7477 1.0
7478 1.0
7479 1.0
7480 1.0
7481 1.0
7482 2.0
7483 1.3333333333333333
7484 1.0
7485 1.0
7486 1.0
7487 6.0
7488 1.0
7489 1.0
7490 1.0
7491 1.0
7492 1.0
7493 1.0
7494 1.0
7495 2.0
7496 0.0
7497 1.0
7498 1.0
7499 1.0
7500 2.0
7501 1.2
7502 1.5
7503 1.0
7504 1.0
7505 1.0
7506 1.0
7507 1.0
7508 1.3333333333333333
7509 1.3333333333333333
7510 1.0
7511 1.0
7512 1.0
7513 1.0
7514 1.0
7515 1.0
7516 1.0
7517 1.0
7518 1.0
7519 1.0
7520 1.0
7521 1.0
7522 1.0
7523 1.0
7524 0.6666666666666666
7525 1.0
7526 0.8
7527 1.0
7528 1.0
7529 1.0
7530 1.0
7531 0.5
7532 1.0
7533 1.0
7534 1.0
7535 1.0
7536 1.0
7537 1.0
7538 1.0
7539 1.0
7540 0.0
7541 1.5
7542 1.3333333333333333
7543 2.0
7544 2.0
7545 1.0
7546 2.0
7547 1.0
7548 1.0
7549 1.0
7550 1.0
7551 1.0
7552 1.0
7553 1.0
7554 1.0
7555 1.0
7556 1.0
7557 1.0
7558 1.0
7559 1.0
7560 2.0
7561 2.0
7562 1.0
7563 1.0
7564 1.875
7565 3.0
7566 1.0
7567 2.0
7568 1.0
7569 1.0
7570 1.0
7571 1.0
7572 1.0
7573 1.0
7574 1.0
7575 1.0
7576 1.0
7577 1.0
7578 1.0
7579 0.0
7580 0.0
7581 1.0
7582 1.0
7583 1.0
7584 1.0
7585 2.0
7586 2.0
7587 2.0
7588 1.0
7589 1.0
7590 1.0
7591 1.0
7592 0.0
7593 1.0
7594 1.0
7595 1.0
7596 1.0
7597 1.0
7598 1.0
7599 1.0
7600 1.0
7601 1.0
7602 1.0
7603 1.0
7604 1.0
7605 1.0
7606 1.0
7607 1.0
7608 1.0
7609 1.0
7610 1.0
7611 1.0
7612 2.0
7613 1.0
7614 1.0
7615 1.0
7616 1.0
7617 1.0
7618 1.0
7619 1.0
7620 1.0
7621 1.0
7622 1.0
7623 1.0
7624 1.0
7625 1.0
7626 1.0
7627 1.0
7628 1.0
7629 1.0
7630 1.3333333333333333
7631 1.0
7632 1.0
7633 1.0
7634 1.0
7635 1.0
7636 1.0
7637 1.0
7638 1.0
7639 1.0
7640 1.0
7641 1.0
7642 1.0
7643 1.0
7644 1.0
7645 1.5
7646 1.0
7647 1.0
7648 1.0
7649 2.0
7650 2.0
7651 1.0
7652 1.0
7653 1.0
7654 1.0
7655 1.0
7656 1.0
7657 1.0
7658 1.0
7659 1.0
7660 1.0
7661 1.0
7662 1.0
7663 1.0
7664 1.0
7665 1.0
7666 1.0
7667 1.0
7668 1.0
7669 1.0
7670 1.0
7671 2.0
7672 1.0
7673 1.0
7674 1.0
7675 1.0
7676 1.0
7677 1.0
7678 1.0
7679 1.0
7680 1.0
7681 0.5
7682 1.0
7683 1.0
7684 1.0
7685 1.0
7686 1.0
7687 1.0
7688 1.0
7689 1.0
7690 1.0
7691 1.0
7692 1.0
7693 3.0
7694 1.0
7695 1.0
7696 1.0
7697 1.0
7698 1.0
7699 1.5
7700 1.0
7701 2.0
7702 2.0
7703 2.0
7704 3.0
7705 1.0
7706 1.0
7707 1.0
7708 1.0
7709 1.0
7710 2.0
7711 1.0
7712 1.0
7713 1.0
7714 1.0
7715 1.0
7716 1.0
7717 0.0
7718 0.0
7719 0.5
7720 1.0
7721 1.0
7722 1.0
7723 1.0
7724 1.0
7725 1.0
7726 0.5
7727 0.0
7728 0.0
7729 0.0
7730 0.0
7731 1.0
7732 1.0
7733 1.0
7734 1.0
7735 0.5
7736 1.0
7737 1.0
7738 1.0
7739 1.0
7740 1.0
7741 1.0
7742 1.0
7743 1.0
7744 1.0
7745 0.0
7746 1.0
7747 1.0
7748 2.0
7749 2.0
7750 2.0
7751 2.0
7752 2.0
7753 2.0
7754 1.5
7755 0.3333333333333333
7756 0.6666666666666666
7757 0.5
7758 1.0
7759 1.0
7760 2.0
7761 4.0
7762 2.0
7763 1.5
7764 1.0
7765 1.0
7766 1.0
7767 1.0
7768 1.0
7769 1.0
7770 1.0
7771 1.0
7772 1.0
7773 1.5
7774 2.0
7775 2.5
7776 1.0
7777 1.0
7778 6.0
7779 1.0
7780 1.0
7781 1.0
7782 1.0
7783 2.0
7784 1.0
7785 1.0
7786 1.0
7787 1.0
7788 1.0
7789 1.0
7790 1.0
7791 2.0
7792 2.0
7793 2.0
7795 0.5
7797 3.0
7798 3.0
7799 3.0
7800 3.0
7801 0.0
7802 1.5
7803 1.0
7804 1.0
7805 1.0
7806 1.0
7807 3.0
7808 3.0
7809 3.0
7810 3.0
7811 1.0
7813 1.0
7814 1.0
7815 1.0
7816 1.0
7817 1.0
7818 1.0
7819 0.0
7820 1.5
7821 0.0
7822 1.0
7823 1.0
7824 1.0
7825 1.0
7826 1.0
7827 1.0
7828 1.0
7829 1.0
7830 1.0
7831 1.0
7832 1.0
7833 1.0
7834 1.0
7835 1.0
7836 1.0
7837 1.0
7838 1.0
7839 1.0
7840 1.0
7841 1.0
7842 1.0
7843 1.0
7844 1.0
7845 1.0
7846 0.0
7847 1.0
7848 2.0
7849 1.0
7850 1.0
7851 1.0
7852 1.0
7853 1.0
7854 1.0
7855 1.0
7856 1.0
7857 1.0
7858 1.0
7860 1.0
7861 1.0
7862 1.0
7863 1.0
7864 1.0
7865 1.0
7866 1.0
7867 0.0
7868 0.5
7869 1.0
7870 1.0
7871 1.0
7872 0.0
7873 0.0
7874 0.0
7875 1.0
7876 1.0
7877 1.0
7878 1.0
7879 1.0
7880 2.0
7881 1.0
7882 1.0
7883 1.0
7884 1.0
7885 1.0
7886 1.0
7887 1.0
7888 2.0
7889 1.0
7890 1.0
7891 1.0
7892 1.0
7893 1.0
7894 1.0
7895 1.5
7896 1.0
7897 1.5
7898 1.5
7899 1.5
7900 1.0
7901 2.0
7902 2.0
7903 0.6666666666666666
7904 0.5
7905 1.0
7906 1.0
7907 1.0
7908 1.0
7909 1.0
7910 1.0
7911 1.0
7912 1.0
7913 1.0
7914 1.0
7915 1.0
7916 1.0
7917 1.0
7918 1.0
7919 1.0
7920 1.0
7921 1.0
7922 1.0
7923 1.0
7924 1.0
7925 1.0
7926 1.0
7927 1.0
7928 1.5
7929 1.0
7930 1.0
7931 1.0
7932 1.0
7933 1.0
7934 1.0
7935 1.0
7936 1.0
7937 1.0
7938 1.0
7939 1.0
7940 1.0
7941 1.0
7942 1.0
7943 1.0
7944 2.0
7945 0.0
7946 1.0
7947 1.0
7948 1.0
7949 1.0
7950 1.0
7951 1.0
7952 1.0
7953 1.0
7954 1.0
7955 1.0
7956 2.0
7957 1.0
7958 1.0
7959 1.0
7960 1.0
7961 1.0
7962 1.0
7963 1.0
7964 1.0
7965 1.0
7966 1.0
7967 0.6666666666666666
7968 0.0
7969 0.0
7970 1.0
7971 1.0
7972 1.0
7973 1.0
7974 1.0
7975 1.0
7976 1.0
7977 1.0
7978 1.0
7979 1.0
7980 1.0
7981 1.0
7982 1.0
7983 0.0
7984 0.0
7985 1.0
7986 1.0
7987 1.0
7988 1.0
7989 1.0
7990 1.0
7991 1.0
7992 1.0
7993 1.0
7994 1.0
7995 1.0
7996 1.0
7997 1.0
7998 1.0
7999 1.0
8000 1.0
8001 1.5
8002 1.0
8003 1.0
8004 0.0
8005 0.0
8006 0.0
8007 0.0
8008 0.0
8009 1.0
8010 1.0
8011 1.0
8012 1.0
8013 1.0
8014 1.5
8015 1.0
8016 0.75
8017 1.0
8018 1.0
8019 1.0
8020 1.0
8021 1.0
8022 1.0
8023 1.0
8024 1.0
8025 1.0
8026 0.0
8027 0.0
8028 0.0
8029 1.0
8030 0.0
8031 0.0
8032 1.0
8033 1.0
8035 1.0
8036 1.0
8037 1.0
8038 1.0
8039 1.0
8040 1.0
8041 0.6666666666666666
8042 1.0
8043 1.0
8044 1.0
8045 1.0
8046 2.0
8047 1.5
8048 1.0
8049 0.0
8050 0.3333333333333333
8051 0.0
8052 1.0
8053 1.0
8054 1.0
8055 1.3333333333333333
8056 1.5
8057 2.0
8058 1.0
8059 1.0
8060 1.0
8062 1.0
8063 1.0
8064 1.0
8065 1.0
8066 1.0
8067 1.0
8068 1.0
8069 1.0
8070 1.0
8071 1.0
8072 1.0
8073 1.0
8074 1.0
8075 0.5
8076 1.5
8077 2.0
8078 0.0
8079 0.0
8080 1.0
8081 1.0
8082 1.0
8083 1.0
8084 1.0
8085 0.0
8086 1.0
8087 1.0
8088 1.0
8089 1.0
8090 1.0
8091 0.0
8092 0.0
8093 0.0
8094 1.0
8095 1.0
8096 1.0
8097 1.0
8098 1.0
8099 0.5
8100 1.0
8101 1.0
8102 1.0
8103 1.0
8104 1.0
8105 1.0
8106 1.0
8107 1.0
8108 1.0
8109 1.0
8110 1.0
8111 0.0
8112 0.0
8113 1.0
8114 1.0
8115 0.0
8116 1.0
8117 1.0
8118 1.0
8119 1.0
8120 1.0
8121 1.0
8122 1.0
8123 1.0
8124 1.0
8125 1.0
8126 1.0
8127 1.0
8128 1.0
8129 1.0
8130 1.0
8131 1.0
8132 1.5
8133 1.5
8134 1.5
8135 1.0
8136 1.0
8137 1.0
8138 1.0
8139 1.0
8140 1.0
8141 1.0
8142 1.0
8143 1.0
8144 1.0
8145 1.0
8146 1.0
8147 1.0
8148 0.5
8149 1.0
8150 1.0
8151 1.0
8152 0.0
8153 0.0
8154 1.0
8155 1.0
8156 1.0
8157 1.0
8158 2.0
8159 2.0
8160 1.0
8161 1.0
8162 1.0
8163 0.0
8164 0.0
8165 1.0
8166 1.0
8167 1.0
8168 1.0
8169 1.75
8170 3.0
8171 1.0
8172 1.0
8173 1.0
8174 1.0
8175 1.0
8176 1.5
8177 1.0
8178 1.0
8179 1.0
8180 1.0
8181 1.5
8182 3.0
8183 1.0
8184 3.5
8185 1.0
8186 1.0
8187 1.0
8188 1.0
8189 1.0
8190 1.0
8191 1.0
8192 1.0
8193 1.0
8194 1.0
8195 1.0
8196 1.0
8197 1.0
8198 1.0
8199 1.0
8200 1.0
8201 1.0
8202 1.0
8203 1.0
8204 1.0
8205 1.0
8206 1.0
8207 1.0
8208 1.0
8209 1.0
8210 1.0
8211 1.0
8212 1.0
8213 1.0
8214 1.0
8215 1.0
8216 1.0
8217 1.0
8218 1.0
8219 1.0
8220 1.0
8221 2.0
8222 2.0
8223 2.0
8224 1.0
8225 1.0
8226 1.0
8227 1.0
8228 1.0
8229 0.0
8230 0.0
8231 1.0
8232 1.0
8233 1.0
8235 1.0
8236 1.0
8237 1.0
8238 1.0
8239 0.0
8240 0.0
8241 0.0
8242 0.0
8243 0.0
8244 1.0
8245 1.0
8246 1.0
8247 1.0
8248 1.0
8249 1.0
8250 1.0
8251 1.0
8252 1.0
8253 1.0
8254 1.0
8255 1.0
8256 1.0
8257 1.0
8258 0.0
8259 0.0
8260 1.0
8261 1.3333333333333333
8262 1.5
8263 0.0
8264 1.0
8265 1.0
8266 1.0
8267 1.0
8268 1.0
8269 1.0
8270 1.0
8271 1.5
8272 1.5
8273 1.0
8274 1.0
8275 1.0
8276 1.5
8277 1.0
8278 1.0
8279 1.0
8280 1.0
8281 1.0
8282 1.0
8283 1.0
8284 1.0
8285 1.0
8286 1.0
8287 1.0
8288 1.0
8289 1.0
8290 0.0
8291 1.0
8292 1.0
8293 1.0
8294 2.0
8295 1.0
8296 0.0
8297 1.0
8298 1.0
8299 1.0
8300 1.0
8301 1.0
8302 1.0
8303 2.0
8304 1.5
8305 2.0
8306 1.0
8307 0.5
8308 1.0
8309 1.0
8310 0.5
8311 1.0
8312 1.0
8313 3.0
8314 3.0
8315 3.0
8316 3.0
8317 3.0
8318 1.0
8319 1.0
8320 1.0
8321 1.0
8322 1.0
8323 1.0
8324 1.0
8325 1.0
8326 1.0
8327 1.0
8328 1.0
8329 1.0
8330 1.0
8331 1.0
8332 1.5
8333 1.5714285714285714
8334 1.0
8335 1.0
8336 1.0
8337 1.0
8338 1.0
8339 6.0
8340 6.0
8341 1.0
8342 1.0
8343 1.0
8344 1.0
8345 1.0
8346 1.0
8347 1.0
8348 1.0
8349 1.0
8350 1.0
8351 1.0
8352 1.0
8353 1.0
8354 1.0
8355 1.0
8356 0.3333333333333333
8357 1.0
8358 0.5
8359 0.0
8360 1.0
8361 1.0
8362 1.0
8363 1.0
8364 1.0
8365 1.0
8366 1.0
8367 1.0
8368 1.0
8369 1.0
8370 1.0
8371 1.0
8372 1.0
8373 1.0
8374 1.0
8375 1.0
8376 0.0
8377 0.0
8378 0.0
8379 1.0
8380 1.0
8381 1.0
8382 1.0
8383 1.0
8384 1.0
8385 1.0
8386 1.0
8387 1.0
8388 1.0
8389 0.5
8390 1.0
8391 1.0
8392 1.0
8393 1.0
8394 1.0
8395 1.0
8396 1.0
8397 1.0
8398 1.0
8399 2.0
8400 2.0
8401 1.0
8402 0.5
8403 0.0
8404 0.5
8405 0.0
8406 1.0
8407 1.0
8408 1.0
8409 1.0
8410 1.0
8411 1.0
8412 1.0
8413 1.0
8414 1.0
8415 1.0
8416 1.0
8417 1.0
8418 1.0
8419 1.0
8420 1.0
8421 1.0
8422 1.0
8423 2.0
8424 1.5
8425 2.0
8426 1.0
8427 1.0
8428 0.6666666666666666
8429 1.0
8430 1.0
8431 1.0
8432 1.0
8433 1.0
8434 1.5
8435 0.0
8436 2.0
8437 1.0
8438 1.0
8439 1.0
8440 1.0
8442 1.0
8443 0.5
8444 1.0
8445 0.5
8447 0.6666666666666666
8450 1.0
8451 1.0
8452 1.0
8453 1.0
8454 1.0
8455 1.0
8456 0.0
8457 2.0
8458 1.0
8459 1.0
8460 1.0
8461 1.0
8462 1.0
8463 1.0
8464 1.0
8465 1.0
8466 1.0
8467 1.0
8468 1.0
8469 1.0
8470 1.0
8471 0.0
8472 0.0
8473 2.0
8474 1.5
8475 1.0
8476 1.0
8477 1.0
8478 1.0
8479 1.0
8480 1.0
8481 1.0
8482 1.0
8483 0.0
8484 1.0
8485 1.0
8486 1.0
8487 1.0
8488 1.0
8489 1.0
8490 1.0
8491 2.0
8492 2.0
8493 2.0
8494 1.0
8495 1.0
8496 1.0
8497 1.0
8498 1.0
8499 1.0
8500 1.0
8501 1.0
8502 1.0
8503 1.5
8505 1.0
8506 1.0
8507 1.0
8508 1.0
8509 1.0
8510 1.0
8511 1.0
8512 1.0
8513 1.0
8514 0.0
8515 0.5
8516 0.0
8517 0.0
8518 0.0
8519 1.0
8520 1.0
8521 1.0
8522 1.0
8523 1.0
8524 1.0
8525 1.0
8526 1.0
8527 1.0
8528 1.0
8529 1.0
8530 1.0
8531 1.0
8532 1.0
8533 1.0
8534 1.0
8535 1.0
8536 1.0
8537 1.0
8538 1.0
8539 1.0
8540 1.0
8541 1.0
8542 1.0
8543 1.0
8544 1.0
8545 1.0
8546 1.0
8547 1.0
8548 1.0
8549 1.0
8550 1.0
8551 1.0
8552 1.0
8553 1.0
8554 1.0
8555 0.0
8556 0.0
8557 0.0
8558 1.0
8559 1.0
8560 1.0
8561 1.0
8562 1.0
8563 1.0
8564 1.0
8565 2.0
8566 2.0
8567 1.0
8568 1.0
8569 1.0
8570 1.0
8571 1.0
8572 0.5
8573 1.0
8574 1.0
8575 1.0
8576 1.0
8577 1.0
8578 1.0
8579 1.0
8580 1.0
8581 1.0
8582 1.0
8583 1.0
8584 1.0
8585 1.0
8586 1.0
8587 1.0
8588 1.0
8589 1.0
8590 1.0
8591 1.0
8592 1.0
8593 1.0
8594 1.0
8595 1.0
8596 1.0
8597 1.0
8598 1.0
8599 1.0
8600 1.0
8601 1.0
8602 0.0
8603 0.0
8604 0.0
8605 0.0
8606 0.5
8607 1.0
8608 1.0
8609 1.0
8610 1.0
8611 1.0
8612 1.0
8613 1.0
8614 0.0
8615 1.0
8616 1.0
8617 1.0
8618 0.0
8619 0.0
8620 0.0
8621 1.0
8622 1.0
8623 0.0
8624 0.0
8625 0.0
8626 1.0
8627 1.0
8628 1.0
8629 1.0
8630 1.0
8631 1.0
8632 1.0
8633 1.0
8634 1.0
8635 1.0
8636 1.0
8637 1.0
8638 0.0
8639 0.0
8640 0.0
8641 2.0
8642 2.0
8643 0.75
8644 1.0
8645 1.0
8646 1.0
8647 1.0
8648 1.0
8649 1.0
8650 1.0
8651 1.0
8652 1.0
8653 2.0
8654 1.0
8655 1.0
8656 1.0
8657 1.0
8658 0.0
8659 1.0
8660 1.0
8661 1.0
8662 1.0
8663 1.0
8664 1.0
8665 1.0
8666 1.0
8667 1.0
8668 1.0
8669 1.0
8670 1.0
8671 1.0
8672 1.0
8673 1.0
8674 1.0
8675 1.0
8676 1.0
8677 1.0
8678 1.0
8679 1.0
8680 1.0
8681 1.0
8682 1.0
8683 1.0
8684 1.0
8685 1.0
8686 1.0
8687 1.0
8688 1.0
8689 1.0
8690 1.0
8691 1.0
8692 0.0
8693 0.0
8694 1.0
8695 1.0
8696 1.0
8697 1.0
8698 1.0
8699 1.0
8700 1.0
8701 1.0
8702 1.0
8703 1.0
8704 1.0
8705 1.0
8706 1.0
8707 1.0
8708 1.0
8709 1.0
8710 1.0
8711 1.0
8712 1.0
8713 1.0
8714 1.0
8715 1.0
8716 1.0
8717 1.0
8718 1.0
8719 1.0
8720 1.0
8721 1.0
8722 0.0
8723 1.0
8724 1.0
8725 1.0
8726 1.0
8727 1.0
8728 1.0
8729 1.0
8730 1.0
8731 1.0
8732 1.0
8733 1.0
8734 1.0
8735 1.0
8736 1.0
8737 1.0
8738 1.0
8739 1.0
8740 1.0
8741 1.0
8742 1.0
8743 1.0
8744 1.0
8745 1.0
8746 1.0
8747 1.0
8748 1.0
8749 1.0
8750 1.0
8751 1.0
8752 1.0
8753 1.0
8754 1.0
8755 1.0
8756 1.0
8757 1.0
8758 1.0
8759 1.0
8760 1.0
8761 1.0
8762 1.0
8763 0.0
8764 0.0
8765 0.0
8766 0.0
8767 0.0
8768 1.0
8769 1.0
8770 1.0
8771 1.0
8772 2.0
8773 1.0
8774 1.0
8775 1.0
8776 1.0
8777 1.0
8778 1.0
8779 1.0
8780 1.0
8781 1.0
8782 1.0
8783 1.0
8784 1.0
8785 1.0
8786 1.0
8787 1.0
8788 1.0
8789 1.0
8790 1.0
8791 1.0
8792 1.0
8793 1.0
8794 1.0
8795 1.0
8796 1.0
8797 1.0
8798 1.0
8799 1.0
8800 1.0
8801 0.0
8802 1.0
8803 1.0
8804 1.0
8805 1.0
8806 1.0
8807 1.0
8808 1.0
8809 1.0
8810 1.0
8811 1.0
8812 1.0
8813 1.0
8814 1.0
8815 1.0
8816 1.0
8817 1.0
8818 1.0
8819 1.0
8820 1.0
8821 1.0
8822 1.0
8823 1.0
8824 1.0
8825 1.0
8826 1.0
8827 1.0
8828 1.0
8829 1.0
8830 1.0
8831 1.0
8832 1.0
8833 1.0
8834 1.0
8835 1.0
8836 1.0
8837 1.0
8838 1.0
8839 1.0
8840 1.0
8841 1.0
8842 1.0
8843 1.0
8844 1.0
8845 1.0
8846 1.0
8847 1.0
8848 1.0
8849 1.0
8850 1.0
8851 1.0
8852 1.0
8853 1.0
8854 1.0
8855 1.0
8856 1.0
8857 1.0
8858 1.0
8859 1.0
8860 1.0
8861 1.0
8862 1.0
8863 1.0
8864 1.0
8865 1.0
8866 1.0
8867 1.0
8868 1.0
8869 1.0
8870 0.0
8871 0.0
8872 0.0
8873 1.0
8874 1.0
8875 1.0
8876 1.0
8877 0.0
8878 1.0
8879 1.0
8880 1.0
8881 1.0
8882 1.0
8883 1.0
8884 1.0
8885 1.0
8886 1.0
8887 1.0
8888 1.0
8889 1.0
8890 1.0
8891 1.0
8892 1.0
8893 1.0
8894 1.0
8895 1.0
8896 1.0
8897 1.0
8898 1.0
8899 1.0
8900 1.0
8901 1.0
8902 1.0
8903 1.0
8904 1.0
8905 1.0
8906 1.0
8907 1.0
8908 1.0
8909 1.0
8910 1.0
8911 1.0
8912 1.0
8913 1.0
8914 1.0
8915 0.0
8916 0.0
8917 1.0
8918 1.0
8919 1.0
8920 1.0
8921 1.0
8922 1.0
8923 1.0
8924 1.0
8925 1.0
8926 1.0
8927 1.0
8928 1.0
8929 1.0
8930 0.0
8931 1.0
8932 1.0
8933 0.6666666666666666
8934 1.0
8935 1.0
8936 1.0
8937 1.0
8938 1.0
8939 1.0
8940 1.0
8941 1.0
8942 1.0
8943 1.0
8944 1.0
8945 1.0
8946 1.0
8947 1.0
8948 1.0
8949 1.0
8950 1.0
8951 1.0
8952 1.0
8953 1.0
8954 1.0
8955 1.0
8956 1.0
8957 1.0
8958 1.0
8959 1.0
8960 1.0
8961 3.0
8962 3.0
8963 1.0
8964 1.0
8965 1.0
8966 1.0
8967 1.0
8968 1.0
8969 1.0
8970 1.0
8971 1.0
8972 1.0
8973 1.0
8974 1.0
8975 1.0
8976 1.0
8977 1.0
8978 1.0
8979 1.0
8980 1.0
8981 1.0
8982 1.0
8983 1.0
8984 1.0
8985 1.0
8986 1.0
8987 1.0
8988 1.0
8989 1.0
8990 1.0
8991 1.0
8992 1.0
8993 1.0
8994 1.0
8995 0.0
8996 1.0
8997 1.0
8998 1.0
8999 1.0
9000 1.0
9001 1.0
9002 1.0
9003 1.0
9004 1.0
9005 1.0
9006 1.0
9007 1.0
9008 1.0
9009 1.0
9010 1.0
9011 1.0
9012 1.0
9013 1.0
9014 1.0
9015 1.0
9016 1.0
9017 1.0
9018 0.0
9019 0.0
9020 0.0
9021 0.0
9022 0.0
9023 1.0
9024 1.0
9025 1.0
9026 1.0
9027 1.0
9028 1.0
9029 1.0
9030 1.0
9031 1.0
9032 1.0
9033 1.0
9034 1.0
9035 1.0
9036 1.0
9037 1.0
9038 1.0
9039 1.0
9040 1.0
9041 0.0
9042 0.0
9043 1.0
9044 1.0
9045 1.0
9046 1.0
9047 1.0
9048 1.0
9049 1.0
9050 1.0
9051 1.0
9052 1.0
9053 1.0
9054 1.0
9055 1.0
9056 1.0
9057 1.0
9058 1.0
9059 1.0
9060 1.0
9061 1.0
9062 1.0
9063 1.0
9064 1.0
9065 1.0
9066 0.0
9067 0.0
9068 0.0
9069 1.0
9070 1.0
9071 1.0
9072 1.0
9073 1.0
9074 1.0
9075 1.0
9076 1.0
9077 1.0
9078 1.0
9079 1.0
9080 1.0
9081 1.0
9082 1.0
9083 1.0
9084 1.0
9085 1.0
9086 1.0
9087 1.0
9088 1.0
9089 0.0
9090 0.0
9091 0.0
9092 1.0
9093 1.0
9094 1.0
9095 1.0
9096 1.0
9097 0.0
9098 1.0
9099 1.0
9100 1.0
9101 1.0
9102 1.0
9103 1.0
9104 0.0
9105 1.0
9106 1.0
9107 1.0
9108 1.0
9109 1.0
9110 1.0
9111 1.0
9112 1.0
9113 1.0
9114 1.0
9115 1.0
9116 1.0
9117 1.0
9118 1.0
9119 1.0
9120 1.0
9121 1.0
9122 1.0
9123 1.0
9124 1.0
9125 1.0
9126 1.0
9127 1.0
9128 1.0
9129 1.0
9130 1.0
9131 1.0
9132 1.0
9133 1.0
9134 1.0
9135 1.0
9136 1.0
9137 1.0
9138 1.0
9139 1.0
9140 1.0
9141 0.0
9142 0.0
9143 0.0
9144 1.0
9145 1.0
9146 1.0
9147 1.0
9148 1.0
9149 1.0
9150 1.0
9151 1.0
9152 1.0
9153 1.0
9154 1.0
9155 1.0
9156 1.0
9157 1.0
9158 1.0
9159 1.0
9160 1.0
9161 1.0
9162 1.0
9163 1.0
9164 1.0
9165 1.0
9166 1.0
9167 1.0
9168 1.0
9169 1.0
9170 1.0
9171 1.0
9172 1.0
9173 1.0
9174 1.0
9175 1.0
9176 1.0
9177 1.0
9178 1.0
9179 1.0
9180 1.0
9181 1.0
9182 1.0
9183 1.0
9184 1.0
9185 1.0
9186 1.0
9187 1.0
9188 1.0
9189 1.0
9190 1.0
9191 1.0
9192 1.0
9193 1.0
9194 0.0
9195 0.0
9196 1.0
9197 1.0
9198 1.0
9199 1.0
9200 1.0
9201 1.0
9202 1.0
9203 1.0
9204 0.0
9205 0.0
9206 1.0
9207 1.0
9208 1.0
9209 1.0
9210 1.0
9211 1.0
9212 1.0
9213 0.0
9214 0.0
9215 0.0
9216 1.0
9217 1.0
9218 1.0
9219 1.0
9220 1.0
9221 1.0
9222 1.0
9223 1.0
9224 1.0
9225 1.0
9226 1.0
9227 1.0
9228 1.0
9229 0.0
9230 0.0
9231 1.0
9232 1.0
9233 1.0
9234 0.0
9235 0.0
9236 1.0
9237 1.0
9238 1.0
9239 1.0
9240 1.0
9241 1.0
9242 1.0
9243 1.0
9244 1.0
9245 1.0
9246 1.0
9247 1.0
9248 1.0
9249 1.0
9250 1.0
9251 1.0
9252 1.0
9253 1.0
9254 1.0
9255 1.0
9256 1.0
9257 1.0
9258 1.0
9259 1.0
9260 1.0
9261 1.0
9262 1.0
9263 1.0
9264 1.0
9265 1.0
9266 1.0
9267 1.0
9268 1.0
9269 1.0
9270 1.0
9272 1.0
9273 1.0
9274 1.0
9275 1.0
9276 1.0
9277 1.0
9278 1.0
9279 1.0
9280 1.0
9281 1.0
9282 1.0
9283 1.0
9284 1.0
9285 1.0
9286 1.0
9287 1.0
9288 1.0
9289 1.0
9290 1.0
9291 1.0
9292 1.0
9293 1.0
9294 1.0
9295 1.0
9296 1.0
9297 1.0
9298 1.0
9299 1.0
9300 1.0
9301 0.0
9302 1.0
9303 1.0
9304 1.0
9305 1.0
9306 1.0
9307 1.0
9308 1.0
9309 1.0
9310 1.0
9311 1.0
9312 1.0
9313 1.0
9314 1.0
9315 1.0
9316 1.0
9317 1.0
9318 1.0
9319 1.0
9320 1.0
9321 1.0
9322 1.0
9323 1.0
9324 1.0
9325 1.0
9326 1.0
9327 1.0
9328 1.0
9329 1.0
9330 0.0
9331 0.0
9332 1.0
9333 1.0
9334 1.0
9335 1.0
9336 1.0
9337 1.0
9338 1.0
9339 1.0
9340 1.0
9341 1.0
